# 50
# 50
0 0.00160668
1 0.000759619
2 0.000122916
3 0.000105133
4 0.000164429
5 0.000230275
6 0.000804625
7 0.000208572
8 0.000221769
9 1.29804e-05
10 0.000244931
11 0.00154545
12 0.000128641
13 0.000215217
14 0.000562823
15 9.08957e-08
16 5.37976e-05
17 1.25561e-05
18 0.000377659
19 0.00458297
20 0.000416849
21 0.000751116
22 0.00122355
23 1.41052e-06
24 3.43392e-06
25 1.19564e-06
26 4.60466e-05
27 0.00107067
28 0.00047018
29 0.000128609
30 0.000935738
31 0.00314077
32 0.000190003
33 0.000619003
34 0.000103719
35 0.00320298
36 0.00245394
37 0.00719745
38 0.00337756
39 0.00123072
40 2.65956e-06
41 0.000667798
42 6.91365e-07
43 1.57083e-05
44 0.00472006
45 5.21646e-05
46 0.00330815
47 7.54346e-06
48 0.000577325
49 0.000155662
50 3.26056e-05
51 0.00118624
52 3.19599e-05
53 0.000144904
54 0.000383291
55 0.000223366
56 0.000453
57 2.03247e-05
58 0.000492693
59 0.000377977
60 0.0019231
61 0.000956506
62 7.49939e-05
63 3.48845e-05
64 0.00209966
65 0.000615008
66 4.04111e-07
67 0.000411535
68 0.000284297
69 0.000234678
70 0.00167954
71 0.00380723
72 8.63576e-05
73 0.000244522
74 9.80836e-05
75 7.67351e-05
76 0.000126903
77 3.20564e-05
78 0.000933373
79 3.97197e-05
80 0.00270742
81 0.00560197
82 0.00012957
83 0.000275907
84 0.00191756
85 0.00132634
86 0.00260396
87 0.00316781
88 0.00353109
89 0.000607241
90 0.00185835
91 0.000154621
92 0.000257797
93 0.000322156
94 8.65325e-05
95 1.62337e-05
96 0.00167329
97 6.5077e-06
98 0.000699806
99 0.000235412
100 5.15198e-06
101 6.56536e-07
102 0.000111042
103 0.000117727
104 2.48098e-05
105 0.000144556
106 0.000234029
107 0.00087597
108 0.000375925
109 5.80477e-05
110 0.00166711
111 0.000147655
112 0.00167043
113 0.000844237
114 0.00118138
115 0.000193656
116 0.00148873
117 0.000113039
118 3.34054e-06
119 0.000101612
120 0.00272199
121 0.000819382
122 0.000171078
123 0.000334421
124 5.51766e-05
125 8.25821e-05
126 4.03983e-05
127 6.45074e-05
128 1.92459e-05
129 0.00432461
130 0.00106707
131 0.00193879
132 0.000702335
133 1.21053e-08
134 0.000329718
135 0.000645097
136 0.00408422
137 0.00786242
138 0.000836203
139 0.00117052
140 0.000502706
141 0.000522506
142 0.00234281
143 0.000331226
144 0.00248576
145 0.00203841
146 0.000157151
147 0.000138882
148 0.000912167
149 0.000934704
150 0.00054911
151 0.000425921
152 2.31981e-07
153 2.76093e-05
154 6.31307e-05
155 0.000318131
156 7.37415e-08
157 7.89564e-06
158 7.0552e-06
159 2.23608e-05
160 0.000751547
161 0.00380054
162 0.00229463
163 0.00142267
164 0.000302443
165 0.000182102
166 0.000926539
167 0.000287197
168 1.3769e-05
169 0.00100823
170 4.51704e-06
171 0.000113151
172 8.18164e-07
173 3.19408e-07
174 0.000268643
175 1.57269e-06
176 1.94403e-05
177 0.000123101
178 0.00146606
179 0.000868514
180 6.95641e-05
181 0.000232402
182 4.75871e-05
183 0.000623484
184 2.47306e-05
185 7.59867e-05
186 4.28885e-05
187 0.00336222
188 0.00122092
189 0.000184338
190 4.72314e-05
191 0.00123423
192 0.000729502
193 0.00020825
194 1.09275e-05
195 0.000509547
196 6.71821e-07
197 0.000747087
198 0.000611646
199 0.000708829
200 2.69551e-05
201 0.000673977
202 0.000661868
203 2.03925e-05
204 0.000451253
205 0.000404859
206 4.22418e-07
207 0.00130171
208 9.20639e-05
209 0.00078723
210 5.48053e-05
211 0.00268545
212 0.00181432
213 2.71553e-05
214 0.00184185
215 2.88229e-05
216 2.78922e-06
217 0.000125482
218 0.00043546
219 0.000247252
220 0.000121272
221 0.000206356
222 1.06901e-05
223 5.78525e-06
224 0.00100421
225 0.000180693
226 0.000174671
227 0.000856515
228 0.000162662
229 0.000580985
230 0.00120783
231 0.000677357
232 0.000401975
233 0.00122316
234 0.00227488
235 0.000491743
236 1.44412e-05
237 0.00171682
238 7.78014e-05
239 0.000549291
240 0.000392194
241 8.3184e-05
242 8.65827e-05
243 0.00064909
244 0.000218108
245 0.00019382
246 4.3886e-05
247 3.17926e-05
248 0.000209306
249 0.000259846
250 0.000553971
251 0.00019498
252 0.00231353
253 1.24448e-05
254 0.0011798
255 9.62923e-05
256 0.000227143
257 0.000393921
258 4.98057e-06
259 2.16335e-12
260 0.00254881
261 0.00145583
262 0.0012569
263 0.00302793
264 0.000523294
265 0.000831956
266 0.000621299
267 0.00103616
268 1.1376e-05
269 5.81708e-05
270 7.69995e-05
271 2.74305e-05
272 0.000156589
273 0.000657307
274 5.66731e-05
275 0.000355069
276 0.000405811
277 0.00037438
278 0.000353563
279 3.23736e-06
280 0.000561949
281 0.00316448
282 0.000789707
283 0.00030893
284 0.00075463
285 7.8227e-05
286 0.00015776
287 0.000401764
288 2.5301e-05
289 0.000119375
290 4.88403e-07
291 5.18154e-05
292 4.66115e-06
293 0.000392126
294 3.25435e-05
295 0.000286016
296 0.000290771
297 0.000336182
298 0.000340957
299 3.98969e-05
300 7.83639e-05
301 0.000874513
302 0.000156833
303 0.000168481
304 0.000241106
305 4.52011e-06
306 9.97302e-05
307 9.29157e-05
308 0.000130809
309 0.000407853
310 7.66391e-05
311 0.00115721
312 7.62034e-05
313 6.05759e-05
314 0.000465509
315 0.00165
316 0.00140963
317 0.000145431
318 4.31953e-06
319 0.00061601
320 6.87593e-06
321 0.000149561
322 4.89265e-05
323 0.00022057
324 0.000471958
325 0.000689208
326 7.09408e-05
327 4.61141e-06
328 0.000353187
329 0.000290817
330 0.000729942
331 0.000242771
332 0.000192861
333 0.00234629
334 0.000702965
335 1.30942e-05
336 9.26961e-06
337 0.000390363
338 0.00149672
339 0.00112595
340 3.09975e-06
341 3.11885e-06
342 0.000334119
343 1.3313e-05
344 0.000382974
345 2.27168e-06
346 7.10545e-06
347 4.26702e-05
348 0.000245549
349 0.000415828
350 0.000198126
351 8.36254e-05
352 2.27791e-05
353 1.96417e-06
354 0.0012634
355 0.00018781
356 0.000156229
357 2.73114e-05
358 0.00123057
359 1.91239e-05
360 0.000104112
361 6.38589e-05
362 0.000103005
363 0.00186163
364 0.000540122
365 0.00257447
366 0.000638886
367 8.587e-05
368 0.000175088
369 1.16381e-05
370 0.000668509
371 0.00014513
372 0.000150593
373 0.000165189
374 0.0012508
375 1.03553e-05
376 2.05595e-05
377 0.000133915
378 0.00018057
379 8.83512e-05
380 0.00196062
381 0.000244694
382 0.000287471
383 0.00152856
384 0.00219288
385 0.000738922
386 0.000970171
387 0.000703588
388 2.93743e-05
389 0.000349455
390 0.00133173
391 0.000122422
392 0.000401264
393 0.000410454
394 0.000239828
395 5.2236e-07
396 0.000135901
397 2.50997e-05
398 5.37841e-05
399 0.000145358
400 0.000174739
401 0.000295288
402 0.000496524
403 0.000279785
404 1.19095e-05
405 0.0008124
406 2.16042e-05
407 0.000877346
408 0.000624593
409 0.000526855
410 0.000736073
411 0.000924751
412 0.00209499
413 0.000185857
414 6.92463e-08
415 0.0034443
416 0.000156598
417 5.73821e-06
418 0.000451916
419 0.000111515
420 1.99332e-06
421 9.23251e-05
422 6.31593e-05
423 0.000408848
424 0.000694435
425 0.000131397
426 6.0149e-06
427 2.77726e-06
428 0.000287561
429 3.32413e-05
430 0.00028038
431 2.80207e-05
432 0.000130848
433 0.0016228
434 0.000121697
435 0.000313255
436 0.000285011
437 0.000410018
438 0.000205642
439 0.000258548
440 0.000368583
441 0.000147237
442 1.37059e-05
443 0.000815028
444 1.29231e-05
445 0.000617315
446 0.000211764
447 2.51512e-05
448 8.70715e-05
449 7.0157e-06
450 0.000224102
451 7.86202e-05
452 0.000102639
453 1.04741e-05
454 8.55065e-05
455 2.02809e-07
456 0.000287374
457 0.000371182
458 8.90004e-06
459 0.000334361
460 9.73109e-06
461 0.00119071
462 0.00213624
463 0.000437162
464 0.00242833
465 6.38815e-05
466 0.000990984
467 0.000752889
468 0.00012218
469 6.15767e-05
470 1.42428e-05
471 4.57808e-07
472 0.000650699
473 7.96404e-05
474 1.67631e-05
475 0.000605568
476 1.61396e-05
477 4.64101e-05
478 0.000283935
479 2.47528e-05
480 0.00156849
481 1.90232e-05
482 0.000283608
483 0.000110431
484 0.0011393
485 0.000142311
486 6.60471e-05
487 8.64414e-09
488 5.51955e-05
489 1.33688e-06
490 7.84849e-06
491 0.000588553
492 6.57202e-07
493 5.80477e-05
494 0.000311356
495 0.000115314
496 7.01802e-05
497 0.000658484
498 2.17587e-05
499 0.000142034
500 0.000244026
501 0.000162257
502 0.00111383
503 0.000226083
504 5.46856e-06
505 4.59207e-06
506 7.36459e-05
507 0.000870412
508 0.000524753
509 0.000152361
510 0.000687108
511 0.00326399
512 0.000306219
513 0.000300786
514 0.000543209
515 0.0002594
516 0.000202694
517 0.000852834
518 0.000349614
519 2.00871e-05
520 5.94702e-06
521 0.00145507
522 3.13202e-05
523 0.000151389
524 3.85318e-05
525 0.000367913
526 0.000524293
527 1.3696e-05
528 0.000732859
529 0.000657317
530 0.00197663
531 0.00322603
532 1.85813e-05
533 0.00209052
534 0.000741151
535 1.90186e-05
536 0.000963459
537 0.00128831
538 7.10499e-05
539 4.62539e-05
540 2.43842e-05
541 0.000167234
542 0.00016112
543 2.14744e-05
544 0.000136326
545 0.00120935
546 0.000548034
547 0.00028477
548 0.000561618
549 8.25757e-05
550 0.000480863
551 2.89117e-06
552 0.00026913
553 0.000709727
554 0.000556425
555 0.000132091
556 0.000301832
557 0.000101963
558 6.94929e-05
559 0.00022861
560 0.0011557
561 0.00195734
562 9.48521e-09
563 0.000383175
564 8.26181e-05
565 0.00097561
566 0.000686436
567 5.59245e-05
568 6.96996e-05
569 0.0003455
570 0.000850006
571 0.000141088
572 0.00107116
573 0.000341988
574 0.00119763
575 1.51498e-05
576 0.000279628
577 9.13544e-05
578 5.71477e-05
579 5.89124e-06
580 0.00176567
581 0.000160209
582 9.80276e-05
583 0.00108894
584 7.02796e-05
585 2.05356e-05
586 0.000188772
587 0.00112608
588 0.000252617
589 6.19606e-05
590 3.03876e-05
591 1.42635e-05
592 0.000288867
593 0.000171462
594 0.000285242
595 0.000578268
596 0.000822759
597 6.68086e-05
598 7.78737e-05
599 0.000286151
600 4.30681e-06
601 0.000606339
602 8.4491e-05
603 5.13053e-05
604 0.000507231
605 2.23003e-06
606 9.66595e-06
607 4.38992e-05
608 6.96763e-05
609 4.14993e-05
610 7.08516e-05
611 0.00113164
612 5.23885e-05
613 0.000108078
614 0.000235808
615 9.90229e-05
616 0.00196312
617 6.12925e-05
618 1.88561e-05
619 0.000703681
620 0.000106844
621 0.000250529
622 3.92503e-05
623 0.00112777
624 9.08682e-06
625 1.09888e-06
626 0.000221586
627 2.81274e-05
628 0.000141852
629 0.000562352
630 0.00123483
631 0.000321506
632 1.39705e-05
633 0.000929
634 0.000347861
635 0.000422892
636 0.000138038
637 0.000293178
638 0.000146955
639 0.00032234
640 8.09814e-07
641 0.000207649
642 3.72698e-06
643 9.77052e-07
644 0.000186892
645 0.000152865
646 0.000153431
647 0.000537152
648 6.70516e-06
649 6.87533e-05
650 0.000148684
651 0.000279564
652 0.000685211
653 0.000118922
654 0.000145094
655 0.000925347
656 7.09435e-05
657 4.29651e-09
658 6.57166e-05
659 0.000215982
660 0.000312433
661 4.95809e-06
662 0.000227594
663 0.000283865
664 6.42953e-05
665 0.000403834
666 0.00083098
667 0.0012519
668 0.000886624
669 0.00192909
670 7.72708e-05
671 0.000313399
672 8.33019e-05
673 0.000229483
674 2.0682e-05
675 0.000231531
676 6.1943e-06
677 3.19675e-05
678 0.000302672
679 0.000739883
680 0.000846936
681 0.000200461
682 0.000514783
683 0.00020365
684 0.000731066
685 2.68028e-05
686 1.0794e-05
687 0.000186772
688 0.000177284
689 1.73297e-05
690 0.000747624
691 2.98147e-06
692 3.09337e-06
693 1.066e-05
694 0.000107147
695 7.14518e-05
696 3.25051e-10
697 0.000752065
698 5.27527e-06
699 0.000132752
700 0.000641039
701 0.000112256
702 2.95859e-05
703 0.000320084
704 1.43648e-05
705 1.79312e-08
706 0.000620714
707 4.76043e-05
708 0.000173756
709 0.000129691
710 0.000295357
711 1.18996e-06
712 0.000114218
713 0.000242032
714 0.000273412
715 4.61503e-05
716 0.00107821
717 0.00105453
718 5.05114e-05
719 0.00565553
720 0.000663363
721 0.000346319
722 6.35393e-05
723 0.000148824
724 0.000949876
725 8.48252e-06
726 3.06733e-06
727 0.000495305
728 0.000214391
729 0.00289218
730 0.00106857
731 0.000459026
732 0.000339862
733 0.000430699
734 3.54041e-06
735 1.44497e-05
736 4.34004e-05
737 4.61965e-06
738 0.00015367
739 4.17395e-07
740 2.80191e-05
741 0.000177431
742 2.46355e-06
743 2.81979e-05
744 1.34967e-05
745 0.000110261
746 4.30299e-05
747 9.6292e-05
748 0.000428937
749 2.8784e-05
750 0.000468503
751 3.43864e-06
752 4.85583e-08
753 7.74896e-06
754 0.000653424
755 2.92508e-06
756 0.000117108
757 2.61679e-05
758 4.97177e-05
759 2.2537e-05
760 4.92305e-05
761 8.23166e-06
762 9.32447e-07
763 0.000794406
764 0.000254194
765 2.52184e-07
766 0.000141006
767 0.000814855
768 1.91196e-05
769 0.00130124
770 0.00101168
771 0.00109967
772 0.000806871
773 6.42367e-05
774 0.000267779
775 9.24733e-05
776 0.000272542
777 0.002215
778 0.00217454
779 4.93713e-05
780 3.64071e-05
781 0.00290395
782 8.08921e-05
783 0.000245478
784 3.00002e-06
785 1.96569e-07
786 2.31706e-05
787 1.01209e-05
788 7.94351e-05
789 1.46639e-05
790 5.21527e-05
791 0.000451548
792 0.000356344
793 4.1904e-05
794 3.57393e-05
795 2.31784e-05
796 2.22557e-05
797 9.8397e-06
798 0.000696616
799 3.52127e-05
800 2.13991e-05
801 0.00110806
802 9.61225e-05
803 5.93918e-05
804 0.000157245
805 0.000154048
806 0.000155427
807 0.000514749
808 1.80998e-05
809 6.63451e-05
810 1.20726e-08
811 1.9133e-05
812 0.000243224
813 0.000243599
814 5.03679e-08
815 5.6497e-06
816 1.75627e-05
817 1.79637e-05
818 1.75582e-06
819 5.44662e-05
820 0.00108134
821 0.000188835
822 5.21114e-05
823 0.000472349
824 6.39072e-07
825 0.000107456
826 0.00457679
827 0.000744087
828 0.00144109
829 0.000162932
830 0.000884379
831 9.20471e-05
832 0.00200754
833 1.2158e-06
834 0.00017522
835 4.45379e-08
836 1.6903e-05
837 0.000155178
838 2.68927e-05
839 1.01009e-07
840 0.000366733
841 4.38727e-07
842 0.000145327
843 0.000466133
844 6.27664e-06
845 0.000186236
846 4.83298e-05
847 0.000767017
848 2.07363e-05
849 7.16763e-07
850 4.36253e-05
851 0.000163676
852 0.00025147
853 0.000536614
854 4.19262e-05
855 6.7974e-06
856 8.44544e-05
857 1.56304e-05
858 3.48359e-05
859 1.63729e-06
860 3.20238e-05
861 0.000240576
862 0.000134962
863 6.06991e-10
864 6.0093e-06
865 1.1441e-05
866 8.69233e-05
867 0.000664526
868 3.30388e-05
869 1.99362e-05
870 0.00162438
871 0.000166889
872 0.000278334
873 0.00200401
874 0.000277903
875 0.00241856
876 0.0026193
877 0.000468715
878 4.82152e-06
879 0.000237777
880 0.000774062
881 0.000798578
882 0.000455
883 0.00187782
884 0.000278712
885 7.64264e-05
886 0.000101811
887 8.00751e-05
888 2.82239e-05
889 0.000821433
890 1.62512e-07
891 9.59505e-05
892 0.000103296
893 6.36388e-05
894 1.13214e-06
895 0.000393818
896 0.000123157
897 0.00029247
898 6.98628e-06
899 2.18915e-05
900 0.000241164
901 0.000460676
902 0.000639733
903 0.000250248
904 4.93007e-05
905 1.58365e-05
906 3.85927e-05
907 0.000728391
908 0.000124736
909 7.93164e-05
910 4.1581e-05
911 7.23475e-05
912 6.95552e-07
913 4.10094e-05
914 4.96495e-05
915 6.35891e-05
916 0.000259315
917 8.53339e-07
918 0.000637623
919 0.00156228
920 0.00154258
921 0.000776904
922 0.00144439
923 4.25674e-07
924 6.96345e-05
925 0.0014491
926 0.000265837
927 0.00123146
928 1.53198e-05
929 4.4731e-06
930 4.84821e-05
931 8.97893e-05
932 0.000497233
933 0.000100714
934 0.000903175
935 0.000394916
936 0.000309723
937 2.61651e-05
938 0.000981441
939 0.000149671
940 0.000350741
941 7.0551e-06
942 3.76408e-05
943 3.17592e-05
944 0.000169727
945 0.00113969
946 0.000225008
947 2.47563e-06
948 0.000350373
949 0.000183745
950 2.17411e-05
951 0.000538467
952 0.00128928
953 1.7456e-09
954 0.000238248
955 3.4135e-06
956 0.00018969
957 4.6317e-06
958 0.000339867
959 4.1456e-05
960 2.51213e-06
961 0.000188408
962 0.000648542
963 0.000149527
964 4.07154e-05
965 6.35032e-08
966 0.000130394
967 0.000206882
968 0.00180053
969 0.000374505
970 6.64615e-05
971 0.00253325
972 9.10892e-06
973 5.91463e-06
974 0.000166691
975 0.00140878
976 0.00141764
977 4.88525e-06
978 0.00131311
979 0.000214427
980 0.000133215
981 0.000106953
982 0.000168946
983 0.000595815
984 0.00177666
985 0.000219038
986 1.61925e-05
987 2.91296e-06
988 0.000789206
989 0.00166057
990 0.000121549
991 0.000292356
992 5.76084e-05
993 9.77318e-05
994 8.5964e-05
995 0.000214432
996 0.000757463
997 0.000338428
998 0.000784228
999 6.30653e-05
1000 7.26714e-07
1001 6.59004e-05
1002 0.000410305
1003 0.00126135
1004 0.000449987
1005 0.000575915
1006 0.000788339
1007 1.92009e-05
1008 1.67685e-05
1009 0.000708373
1010 0.000247566
1011 2.6981e-05
1012 0.00080386
1013 4.64784e-05
1014 1.29012e-05
1015 0.000100555
1016 0.000107141
1017 0.00122971
1018 0.000432785
1019 2.03413e-05
1020 0.000383649
1021 0.000697031
1022 0.000215736
1023 6.62799e-05
1024 0.000918982
1025 0.000249336
1026 6.64993e-06
1027 0.00152203
1028 3.70464e-05
1029 0.001134
1030 6.38411e-06
1031 0.000556927
1032 5.39184e-05
1033 0.000235006
1034 0.000386255
1035 0.000999554
1036 1.92689e-05
1037 0.000342505
1038 0.000269531
1039 0.00175837
1040 0.0013448
1041 0.000500968
1042 8.39037e-07
1043 2.66196e-05
1044 3.77895e-06
1045 0.000412369
1046 0.000147363
1047 0.000160151
1048 0.000464566
1049 8.60553e-05
1050 1.91817e-05
1051 7.53261e-07
1052 0.000489568
1053 0.000525942
1054 0.000636669
1055 4.20029e-07
1056 9.98146e-05
1057 0.000279876
1058 0.000128489
1059 0.000258595
1060 0.0012688
1061 0.000659918
1062 0.000381586
1063 0.00066437
1064 3.3269e-06
1065 3.42888e-06
1066 0.000460594
1067 0.000605475
1068 0.000286081
1069 0.000224421
1070 8.72191e-05
1071 0.000469686
1072 0.00125178
1073 0.00306125
1074 0.000205032
1075 0.000174542
1076 0.000313476
1077 0.000972812
1078 0.00106527
1079 0.00058907
1080 0.00192233
1081 0.000209159
1082 0.00135919
1083 0.00208203
1084 0.000585053
1085 0.000130759
1086 0.000212473
1087 0.000327956
1088 0.000237907
1089 0.000865543
1090 0.000253959
1091 2.73144e-06
1092 0.000345217
1093 7.05547e-05
1094 3.8379e-05
1095 0.000281606
1096 0.000229587
1097 7.72859e-05
1098 4.15751e-06
1099 0.000464996
1100 0.000383759
1101 0.000322628
1102 0.00107438
1103 0.0003567
1104 0.000160619
1105 6.41775e-05
1106 2.91726e-05
1107 0.000249872
1108 2.51619e-06
1109 0.000429169
1110 0.00050248
1111 0.000157549
1112 0.0005468
1113 0.00122862
1114 0.000512243
1115 0.000152123
1116 0.000113729
1117 0.000498452
1118 0.000285702
1119 3.18804e-05
1120 4.65584e-05
1121 8.01706e-05
1122 0.00200371
1123 1.54667e-09
1124 0.000560792
1125 0.000299242
1126 0.000201915
1127 0.000127632
1128 0.000256465
1129 0.00234215
1130 0.00417559
1131 0.00393651
1132 0.00054621
1133 0.000382021
1134 0.000167227
1135 0.000120377
1136 0.000494357
1137 4.62345e-06
1138 0.0019387
1139 0.000165754
1140 0.00013493
1141 0.000199342
1142 1.81232e-06
1143 4.70854e-05
1144 3.23733e-07
1145 0.000393537
1146 5.31669e-05
1147 9.52089e-05
1148 9.02407e-05
1149 3.08467e-06
1150 0.000187406
1151 8.10423e-05
1152 0.00127002
1153 6.8131e-06
1154 5.03784e-06
1155 4.17374e-05
1156 0.000360951
1157 0.000108086
1158 3.57374e-05
1159 0.000241257
1160 8.3724e-05
1161 5.52761e-05
1162 0.00115577
1163 0.000362016
1164 7.08244e-06
1165 0.00067637
1166 0.00045458
1167 0.000572019
1168 0.000490433
1169 5.51916e-06
1170 0.000151967
1171 0.000207136
1172 0.000597473
1173 0.000170556
1174 0.000154742
1175 6.30453e-06
1176 0.000137758
1177 0.000208767
1178 4.75599e-05
1179 4.98309e-07
1180 0.00361305
1181 0.00105415
1182 0.000212272
1183 1.71893e-05
1184 0.000590806
1185 0.000122064
1186 0.000327914
1187 0.00176701
1188 7.55482e-05
1189 0.000166796
1190 8.59177e-05
1191 2.81372e-07
1192 1.61901e-06
1193 0.000159732
1194 3.49462e-05
1195 1.42298e-05
1196 0.000293138
1197 0.000180308
1198 6.32741e-05
1199 4.47477e-05
1200 0.000249685
1201 0.000170264
1202 3.45536e-05
1203 0.00032886
1204 9.21593e-06
1205 2.29317e-06
1206 8.33867e-05
1207 0.000142772
1208 7.73444e-08
1209 0.000149187
1210 1.9059e-05
1211 6.90636e-06
1212 0.000549624
1213 6.8586e-06
1214 0.000315167
1215 0.000161925
1216 0.00134236
1217 2.33324e-08
1218 6.30691e-05
1219 0.000756841
1220 0.000818314
1221 4.28753e-05
1222 1.72664e-07
1223 0.000140854
1224 8.46213e-06
1225 6.8396e-05
1226 2.43024e-05
1227 4.34094e-05
1228 8.18251e-05
1229 0.000358484
1230 0.00140949
1231 2.62702e-05
1232 0.000611947
1233 0.000147679
1234 0.00143958
1235 3.41435e-07
1236 0.00311749
1237 1.46691e-05
1238 1.29279e-05
1239 0.000390333
1240 0.000218937
1241 8.89152e-06
1242 0.000221135
1243 5.93437e-06
1244 0.000160209
1245 7.0023e-05
1246 0.000113347
1247 5.95518e-05
1248 4.84422e-05
1249 1.09412e-07
1250 0.000355599
1251 0.000185775
1252 0.000160769
1253 0.000223635
1254 0.000333985
1255 0.000297
1256 6.19865e-06
1257 0.000179829
1258 0.000344874
1259 1.23499e-06
1260 8.83383e-07
1261 0.000521498
1262 2.05506e-05
1263 0.0004076
1264 2.0696e-05
1265 9.56763e-05
1266 0.000279561
1267 0.000435361
1268 0.000225815
1269 0.000526545
1270 0.000386609
1271 3.98582e-05
1272 3.926e-05
1273 2.12876e-06
1274 0.000208302
1275 4.80556e-05
1276 6.09591e-05
1277 0.000786282
1278 3.5231e-08
1279 0.000134945
1280 8.81167e-05
1281 0.00115108
1282 0.000436189
1283 0.000218085
1284 0.00103057
1285 0.000866169
1286 0.000182038
1287 0.000302366
1288 0.000238298
1289 0.00020377
1290 0.000284857
1291 2.36484e-06
1292 5.74436e-06
1293 0.00031976
1294 6.41083e-05
1295 4.22192e-05
1296 7.78183e-07
1297 5.12931e-05
1298 3.11068e-05
1299 0.000257987
1300 6.22148e-05
1301 8.59157e-06
1302 0.000167061
1303 2.76314e-05
1304 0.000211864
1305 0.000569692
1306 0.000367754
1307 9.27946e-06
1308 0.000237881
1309 1.72709e-05
1310 0.000351105
1311 0.000352039
1312 0.000285129
1313 2.07703e-05
1314 4.9902e-05
1315 2.05418e-05
1316 9.56799e-05
1317 7.12721e-05
1318 0.000534415
1319 0.000193406
1320 4.15564e-08
1321 3.33475e-06
1322 0.000101899
1323 3.30879e-06
1324 4.24255e-05
1325 0.000223425
1326 0.000384468
1327 0.00010208
1328 5.09393e-05
1329 0.000978051
1330 3.07549e-05
1331 0.000527927
1332 0.000578183
1333 0.000696347
1334 0.000157597
1335 3.10375e-05
1336 6.13365e-05
1337 0.00271932
1338 0.000235781
1339 1.50312e-05
1340 0.000161818
1341 9.54298e-05
1342 9.18196e-06
1343 2.08793e-05
1344 1.44781e-05
1345 6.10929e-05
1346 1.58469e-05
1347 1.59046e-06
1348 4.20626e-07
1349 7.16475e-05
1350 4.99387e-06
1351 7.7806e-05
1352 0.000104308
1353 0.000468573
1354 0.000550597
1355 8.70444e-06
1356 3.31537e-05
1357 0.000362757
1358 3.12777e-06
1359 2.16459e-05
1360 1.62855e-05
1361 5.3317e-05
1362 6.23861e-05
1363 0.000235673
1364 0.000113122
1365 0.000173582
1366 0.000112017
1367 1.81665e-06
1368 0.000285601
1369 9.6341e-05
1370 1.38131e-05
1371 1.86385e-05
1372 5.4379e-06
1373 1.57029e-05
1374 9.70236e-08
1375 8.46702e-05
1376 3.97914e-05
1377 2.99633e-05
1378 0.00118194
1379 5.94055e-05
1380 1.8959e-08
1381 0.00147901
1382 0.000189641
1383 3.23858e-05
1384 8.6903e-07
1385 0.000172111
1386 0.00289806
1387 7.18004e-06
1388 0.000135373
1389 9.44889e-05
1390 1.22159e-06
1391 2.20585e-05
1392 8.59987e-05
1393 0.000222155
1394 8.08964e-05
1395 3.18266e-06
1396 2.38938e-06
1397 8.32389e-06
1398 2.22564e-05
1399 0.000237131
1400 0.000353667
1401 3.32224e-05
1402 5.71325e-05
1403 0.000423119
1404 4.83577e-05
1405 4.93234e-06
1406 1.03249e-05
1407 3.07078e-06
1408 1.18891e-06
1409 0.000254654
1410 6.04125e-05
1411 2.99884e-06
1412 0.000334631
1413 1.48637e-05
1414 4.76649e-05
1415 8.80392e-05
1416 0.000108378
1417 0.000219003
1418 5.66778e-06
1419 1.37074e-05
1420 0.000116221
1421 7.99005e-08
1422 1.57584e-05
1423 7.07328e-05
1424 0.000371273
1425 3.01451e-05
1426 0.000343168
1427 0.000192327
1428 0.000763341
1429 7.48865e-05
1430 0.00130517
1431 3.87811e-05
1432 2.73657e-06
1433 0.000265324
1434 0.000367218
1435 0.001349
1436 0.000236496
1437 9.06454e-05
1438 2.24839e-05
1439 3.55213e-05
1440 7.94568e-06
1441 2.3604e-05
1442 1.57584e-05
1443 3.32609e-05
1444 7.11546e-05
1445 2.041e-06
1446 5.62271e-05
1447 3.6163e-06
1448 0.000194933
1449 0.000468921
1450 5.50198e-06
1451 0.000277559
1452 0.000400446
1453 0.000232305
1454 0.000107139
1455 0.000250469
1456 4.13338e-05
1457 0.000187634
1458 0.000225264
1459 1.3492e-08
1460 3.17507e-05
1461 0.00112126
1462 0.000133963
1463 7.1536e-05
1464 6.43604e-06
1465 0.000244078
1466 1.20094e-05
1467 1.08102e-05
1468 2.09761e-05
1469 5.46431e-06
1470 1.86107e-07
1471 4.29667e-06
1472 7.83987e-06
1473 1.68252e-05
1474 1.30482e-05
1475 6.61699e-08
1476 3.09899e-06
1477 0.000907286
1478 0.000104683
1479 0.000321733
1480 0.00165054
1481 2.86152e-05
1482 0.000588306
1483 0.000719819
1484 0.00082899
1485 0.000382138
1486 3.64324e-06
1487 0.000266209
1488 2.91662e-05
1489 5.27037e-05
1490 5.56255e-05
1491 6.6059e-06
1492 1.56673e-05
1493 6.28909e-06
1494 1.53257e-05
1495 2.28199e-06
1496 6.26662e-05
1497 7.39867e-05
1498 0.000163221
1499 7.39325e-05
1500 9.16059e-05
1501 6.00984e-06
1502 0.000488672
1503 1.51682e-05
1504 0.000306439
1505 0.000101738
1506 9.97619e-06
1507 0.0010636
1508 0.000239494
1509 2.19805e-05
1510 0.000410019
1511 0.000705974
1512 0.000400385
1513 0.000343644
1514 0.000196021
1515 0.000478422
1516 0.000852508
1517 0.000417497
1518 2.87556e-06
1519 3.68961e-06
1520 3.654e-05
1521 6.23491e-07
1522 8.83561e-05
1523 1.65123e-05
1524 8.91361e-05
1525 1.50667e-05
1526 9.83475e-05
1527 0.000234181
1528 0.000544337
1529 0.000812503
1530 6.13883e-05
1531 0.000112705
1532 0.000574439
1533 0.000381347
1534 0.000162038
1535 0.000185839
1536 0.000480628
1537 4.43835e-06
1538 1.45143e-06
1539 5.61269e-05
1540 7.94073e-05
1541 7.11635e-06
1542 1.90173e-06
1543 3.53082e-05
1544 0.000189541
1545 9.45153e-05
1546 8.31763e-06
1547 9.40012e-05
1548 1.53906e-05
1549 3.96869e-05
1550 4.18983e-05
1551 3.07581e-05
1552 1.41991e-05
1553 0.000364196
1554 0.000974502
1555 0.00182712
1556 0.00114691
1557 0.000275161
1558 0.000258334
1559 7.45169e-06
1560 4.49944e-05
1561 1.76602e-05
1562 3.11721e-05
1563 3.66838e-05
1564 0.00290079
1565 7.48965e-06
1566 2.32882e-05
1567 6.33791e-06
1568 0.000191776
1569 5.46521e-05
1570 7.56717e-06
1571 3.30867e-07
1572 0.000102376
1573 8.88175e-07
1574 3.71171e-06
1575 0.000242706
1576 0.000179386
1577 0.000427114
1578 1.7747e-05
1579 7.01271e-05
1580 6.98399e-05
1581 0.0003069
1582 5.6948e-05
1583 0.000101642
1584 9.6127e-05
1585 9.61661e-05
1586 4.51962e-06
1587 5.07958e-05
1588 1.93406e-06
1589 0.000147974
1590 1.75767e-06
1591 2.084e-05
1592 7.81848e-06
1593 9.24217e-06
1594 5.22595e-07
1595 6.54017e-06
1596 0.000134222
1597 2.24533e-07
1598 7.43646e-07
1599 1.50953e-05
1600 9.48133e-06
1601 9.68087e-05
1602 7.2402e-05
1603 0.000113152
1604 4.64023e-06
1605 0.000943433
1606 0.000298048
1607 1.68791e-06
1608 7.8872e-08
1609 0.000301614
1610 0.00054451
1611 0.00073396
1612 0.000270898
1613 0.00201415
1614 0.000106139
1615 0.00137677
1616 0.000933499
1617 0.000152965
1618 2.45799e-06
1619 0.000208067
1620 4.66952e-06
1621 3.65895e-05
1622 2.18929e-05
1623 7.44481e-05
1624 8.27289e-05
1625 0.000483398
1626 2.36436e-07
1627 4.09854e-05
1628 2.93919e-06
1629 0.000239342
1630 0.000238062
1631 1.30015e-05
1632 2.20135e-06
1633 0.00014016
1634 5.72393e-05
1635 0.000362565
1636 1.15705e-05
1637 1.90908e-06
1638 5.56397e-05
1639 0.000119837
1640 8.97009e-05
1641 3.38338e-07
1642 1.80361e-05
1643 6.20353e-07
1644 7.78815e-05
1645 2.3652e-05
1646 8.09861e-05
1647 4.25726e-06
1648 4.30118e-08
1649 4.19704e-06
1650 2.67725e-05
1651 9.55671e-06
1652 3.3619e-06
1653 7.75522e-05
1654 7.07754e-05
1655 4.09002e-07
1656 3.17409e-05
1657 5.19618e-06
1658 1.66422e-07
1659 0.000224124
1660 3.36594e-05
1661 6.93772e-05
1662 0.00188641
1663 0.000106413
1664 0.00014553
1665 0.000424448
1666 0.000170875
1667 0.000198863
1668 0.000123069
1669 1.31157e-07
1670 1.73378e-05
1671 1.56873e-06
1672 6.47355e-07
1673 1.53297e-06
1674 1.62605e-05
1675 0.000356822
1676 2.62799e-06
1677 0.000523929
1678 2.88737e-05
1679 0.000378839
1680 1.34027e-05
1681 6.26232e-07
1682 8.46579e-05
1683 0.000871791
1684 0.000119103
1685 7.48927e-05
1686 0.00011123
1687 0.000352008
1688 2.41381e-05
1689 9.15569e-06
1690 0.000274306
1691 9.00251e-07
1692 3.79094e-06
1693 5.38887e-05
1694 1.52537e-05
1695 4.61201e-06
1696 3.76786e-05
1697 0.000100432
1698 3.69994e-07
1699 6.0575e-06
1700 9.38839e-07
1701 2.54614e-05
1702 2.28526e-05
1703 5.2261e-09
1704 4.8224e-05
1705 0.00024907
1706 0.000100459
1707 0.000112465
1708 0.000304521
1709 1.67568e-06
1710 5.40489e-12
1711 5.4077e-05
1712 0.000411282
1713 0.000106778
1714 6.09489e-05
1715 0.000110474
1716 3.39155e-05
1717 8.16358e-05
1718 9.44299e-05
1719 0.000474204
1720 8.93951e-06
1721 6.70964e-05
1722 3.32877e-06
1723 0.000159045
1724 0.00056784
1725 1.91648e-07
1726 2.77108e-06
1727 1.12004e-07
1728 7.77086e-05
1729 6.05405e-05
1730 3.29383e-05
1731 7.48813e-05
1732 0.000247946
1733 0.000145589
1734 3.01851e-06
1735 9.60573e-05
1736 5.00018e-06
1737 0.000240051
1738 7.73694e-05
1739 0.000199707
1740 4.70968e-05
1741 0.000188519
1742 0.000130149
1743 3.73247e-06
1744 7.31781e-05
1745 1.41105e-09
1746 8.60826e-06
1747 2.46251e-06
1748 5.20019e-05
1749 7.90528e-05
1750 6.03974e-06
1751 1.80788e-06
1752 0.000137419
1753 8.28123e-06
1754 0.00109587
1755 1.01686e-06
1756 8.44235e-06
1757 2.64014e-05
1758 0.000265189
1759 2.0247e-05
1760 0.000140742
1761 0.000473027
1762 0.000378674
1763 0.000338766
1764 0.00014341
1765 1.17252e-05
1766 0.00039685
1767 5.25699e-05
1768 0.000192383
1769 5.78807e-07
1770 0.000341736
1771 8.72262e-06
1772 0.000544344
1773 4.51316e-05
1774 0.000106357
1775 7.97277e-06
1776 3.67443e-06
1777 0.000143689
1778 2.57354e-06
1779 0.000629565
1780 2.52511e-05
1781 8.3921e-08
1782 0.000268619
1783 7.40417e-08
1784 0.000104806
1785 5.63669e-05
1786 0.000140976
1787 0.00011119
1788 0.000174843
1789 0.000112424
1790 0.00016627
1791 0.000106291
1792 1.24286e-05
1793 3.88471e-06
1794 0.000136447
1795 8.79881e-05
1796 1.57608e-05
1797 6.31825e-08
1798 2.95586e-05
1799 5.93451e-05
1800 4.1403e-05
1801 9.40939e-05
1802 0.000193534
1803 0.000480356
1804 0.000117251
1805 0.000185094
1806 3.42387e-05
1807 2.34331e-06
1808 9.13727e-07
1809 2.9019e-06
1810 0.000857879
1811 7.77473e-05
1812 4.70995e-05
1813 5.44933e-05
1814 0.000376043
1815 0.000492919
1816 8.80293e-05
1817 4.39176e-05
1818 9.28665e-05
1819 0.000129247
1820 0.000450456
1821 5.52755e-05
1822 9.55553e-05
1823 0.000592191
1824 0.000704366
1825 7.06402e-05
1826 0.000226248
1827 0.00013724
1828 4.0608e-06
1829 1.48275e-05
1830 0.000689216
1831 0.000386924
1832 1.3369e-05
1833 0.000221127
1834 2.82973e-06
1835 0.000188008
1836 0.000238013
1837 5.87451e-05
1838 4.43301e-05
1839 1.86658e-05
1840 1.47667e-07
1841 0.000128318
1842 2.68624e-06
1843 0.000357615
1844 3.90914e-05
1845 2.30012e-05
1846 1.26701e-06
1847 8.42193e-06
1848 8.96635e-09
1849 3.99614e-05
1850 1.61885e-05
1851 5.27512e-05
1852 3.19423e-05
1853 4.4608e-05
1854 4.3748e-07
1855 2.66024e-05
1856 5.83789e-05
1857 0.000136019
1858 0.000232508
1859 0.00100685
1860 2.54783e-05
1861 3.1779e-06
1862 1.93732e-05
1863 3.15387e-05
1864 0.00141689
1865 0.000399861
1866 0.000343715
1867 4.65792e-05
1868 2.72476e-06
1869 0.000920989
1870 3.17576e-07
1871 0.000490353
1872 1.47683e-05
1873 0.000363618
1874 4.92268e-05
1875 0.000280155
1876 0.000265461
1877 9.32138e-05
1878 0.000157441
1879 9.50641e-06
1880 0.000379742
1881 0.000435732
1882 0.000263094
1883 5.03793e-06
1884 0.000292481
1885 0.000228818
1886 1.53031e-05
1887 6.49168e-06
1888 7.92405e-06
1889 5.47178e-05
1890 0.000411465
1891 0.000144817
1892 3.16885e-05
1893 2.01478e-06
1894 0.000373362
1895 2.38062e-06
1896 0.000137883
1897 1.77267e-05
1898 1.33714e-05
1899 4.55375e-07
1900 7.17174e-05
1901 0.000182384
1902 5.65018e-05
1903 6.29627e-05
1904 0.000129352
1905 0.000149672
1906 0.000124708
1907 0.000449159
1908 0.00059438
1909 0.000115194
1910 0.000123923
1911 3.39823e-07
1912 5.21019e-06
1913 0.00103288
1914 1.66816e-05
1915 0.000757336
1916 0.000842808
1917 0.000177017
1918 0.000163266
1919 4.08239e-07
1920 0.000990723
1921 1.03283e-06
1922 0.000112551
1923 9.17072e-06
1924 0.000125048
1925 1.4164e-05
1926 0.000134176
1927 4.74935e-05
1928 0.000284542
1929 6.59423e-06
1930 0.000444017
1931 5.5885e-06
1932 6.59681e-05
1933 0.000283982
1934 1.29269e-05
1935 0.000102814
1936 2.24059e-05
1937 4.91429e-05
1938 0.00021928
1939 0.000271967
1940 0.000501574
1941 0.000140691
1942 6.30291e-05
1943 4.12827e-05
1944 0.000603319
1945 0.000681373
1946 0.000164788
1947 6.2683e-05
1948 2.06948e-05
1949 5.15726e-06
1950 0.000100933
1951 0.000141893
1952 0.000122678
1953 0.000186935
1954 0.00010557
1955 0.000387715
1956 0.00010395
1957 3.87541e-05
1958 0.000186945
1959 4.99858e-06
1960 0.000142985
1961 4.00179e-05
1962 0.000959803
1963 0.000640958
1964 0.00071425
1965 0.000403263
1966 0.000498746
1967 7.17443e-05
1968 0.00020786
1969 0.000178127
1970 0.000392586
1971 3.40983e-06
1972 1.14524e-05
1973 8.62597e-06
1974 0.00063325
1975 1.741e-05
1976 6.844e-10
1977 0.000145196
1978 3.87613e-05
1979 7.94741e-06
1980 0.000113261
1981 5.29091e-05
1982 7.75556e-05
1983 9.85876e-06
1984 3.17934e-05
1985 0.000291683
1986 8.71703e-05
1987 0.000614355
1988 4.91283e-05
1989 3.45337e-05
1990 0.000133337
1991 8.34327e-05
1992 6.28362e-05
1993 0.000140361
1994 0.000188124
1995 8.89411e-08
1996 4.05949e-06
1997 5.55003e-06
1998 5.30976e-05
1999 8.33573e-06
2000 0.000151113
2001 1.55224e-06
2002 0.000327067
2003 0.000174963
2004 0.000109587
2005 5.36243e-05
2006 0.000107442
2007 0.000115614
2008 0.00047942
2009 0.000145013
2010 9.76413e-08
2011 0.000116738
2012 0.000542759
2013 0.000818834
2014 0.000491836
2015 0.00032904
2016 0.000376135
2017 0.000163145
2018 8.86869e-05
2019 5.15938e-06
2020 5.12519e-06
2021 0.000407669
2022 1.6518e-05
2023 0.000563325
2024 0.000553682
2025 0.000337172
2026 2.1544e-05
2027 0.000335098
2028 0.000668241
2029 0.000205785
2030 0.000178512
2031 1.51306e-05
2032 2.40203e-06
2033 0.000743817
2034 0.000261633
2035 0.000186961
2036 3.43636e-05
2037 0.000282843
2038 0.000215396
2039 8.53237e-05
2040 7.90867e-05
2041 0.000420442
2042 6.85266e-05
2043 0.000979448
2044 0.000206502
2045 0.000111237
2046 0.000144952
2047 9.45476e-06
2048 5.74495e-05
2049 0.000210568
2050 0.000168173
2051 0.000299757
2052 4.01393e-05
2053 0.00054004
2054 9.59661e-05
2055 0.000848296
2056 0.000245865
2057 0.000145427
2058 0.000267957
2059 0.000177231
2060 0.000105522
2061 4.49289e-05
2062 0.000176596
2063 9.08263e-05
2064 0.000117587
2065 0.000132146
2066 0.000154005
2067 0.000589945
2068 8.0004e-06
2069 2.42873e-06
2070 7.6415e-07
2071 0.000603043
2072 0.00186215
2073 6.6096e-05
2074 1.49687e-05
2075 2.42439e-06
2076 0.000979336
2077 0.000429001
2078 1.16967e-06
2079 0.000424915
2080 1.08675e-07
2081 0.000310067
2082 0.000188614
2083 8.85326e-06
2084 0.00139191
2085 0.000152149
2086 0.000371044
2087 2.03814e-06
2088 0.000184905
2089 0.000316597
2090 0.000906067
2091 2.93257e-05
2092 5.4959e-05
2093 0.000557331
2094 1.59087e-05
2095 0.000198017
2096 4.97466e-05
2097 7.97888e-05
2098 1.40154e-07
2099 6.8859e-06
2100 7.52158e-05
2101 0.000128031
2102 0.000720941
2103 3.52963e-05
2104 6.49391e-05
2105 0.000294314
2106 0.000256678
2107 2.79746e-05
2108 0.000334429
2109 6.64734e-05
2110 0.000509868
2111 0.00037958
2112 0.000274072
2113 0.000102098
2114 2.10499e-07
2115 6.43827e-05
2116 0.000349479
2117 6.7543e-05
2118 0.000418849
2119 1.23531e-07
2120 0.000637082
2121 0.0017381
2122 1.57159e-05
2123 1.97444e-05
2124 0.000342592
2125 4.57027e-05
2126 0.00105154
2127 0.000399502
2128 0.000259402
2129 0.000105946
2130 0.000269424
2131 0.000371929
2132 0.000769008
2133 0.000561424
2134 0.00276414
2135 0.00013032
2136 0.00152346
2137 0.000303068
2138 0.000365211
2139 8.71915e-06
2140 5.7765e-05
2141 0.000521667
2142 0.000272822
2143 0.000197474
2144 0.000483143
2145 8.63073e-10
2146 0.000425934
2147 0.000219932
2148 0.000344905
2149 0.000579248
2150 0.000135623
2151 0.000472761
2152 0.00122624
2153 0.000154247
2154 0.000165812
2155 0.00156932
2156 0.000220936
2157 0.000313417
2158 4.37763e-05
2159 9.09206e-07
2160 3.93576e-05
2161 0.0018682
2162 1.14684e-06
2163 1.17325e-06
2164 8.16188e-05
2165 3.31457e-05
2166 6.20096e-05
2167 0.000891407
2168 0.000257324
2169 0.00190132
2170 0.000354614
2171 0.00026092
2172 3.25574e-05
2173 0.000315464
2174 0.000449457
2175 0.000378088
2176 2.56817e-05
2177 0.00170201
2178 0.000812324
2179 0.000597097
2180 0.000664342
2181 0.000214534
2182 9.08121e-07
2183 0.000472342
2184 7.5421e-05
2185 0.000203689
2186 9.2147e-05
2187 0.000466246
2188 0.000147315
2189 0.000103842
2190 3.31109e-05
2191 0.000193465
2192 2.22092e-05
2193 6.5059e-09
2194 7.10725e-05
2195 0.000817034
2196 1.79158e-07
2197 0.000234749
2198 0.000228131
2199 0.000845886
2200 0.00256819
2201 0.00362803
2202 0.00011962
2203 0.00283143
2204 0.000832618
2205 0.000615971
2206 0.000329037
2207 0.000202666
2208 6.16147e-05
2209 7.15386e-05
2210 0.000833141
2211 3.52879e-05
2212 0.000693018
2213 0.000361809
2214 6.51467e-05
2215 0.000156279
2216 2.54963e-05
2217 1.86046e-05
2218 0.000569323
2219 5.04397e-06
2220 0.000761964
2221 0.00157973
2222 0.000106828
2223 6.60898e-05
2224 1.67466e-05
2225 0.00199196
2226 0.00123467
2227 0.000475938
2228 0.000332919
2229 0.000373551
2230 2.28125e-05
2231 0.000542607
2232 0.00112891
2233 3.19021e-05
2234 0.0002436
2235 0.000369172
2236 0.00127172
2237 9.0071e-05
2238 0.000391121
2239 1.52008e-05
2240 0.000200623
2241 1.80815e-05
2242 2.53414e-08
2243 6.44714e-07
2244 4.79781e-07
2245 0.00040037
2246 0.000544015
2247 0.000158993
2248 0.000164958
2249 7.25404e-05
2250 0.000218537
2251 0.000177003
2252 0.00443521
2253 0.000143946
2254 0.000153029
2255 0.000458959
2256 0.00136823
2257 0.000269523
2258 0.000209232
2259 0.000376175
2260 4.7499e-05
2261 0.000111203
2262 2.51041e-05
2263 0.000700054
2264 0.000181682
2265 0.000160308
2266 4.62163e-06
2267 3.15038e-05
2268 0.000622503
2269 0.00156965
2270 0.000464273
2271 0.00647334
2272 0.000799352
2273 6.86234e-06
2274 0.00115022
2275 0.0061951
2276 0.000435979
2277 2.39231e-06
2278 0.000292138
2279 0.00020343
2280 0.00023823
2281 0.000765848
2282 3.05454e-05
2283 5.15698e-05
2284 2.59037e-05
2285 0.00010231
2286 4.67925e-05
2287 0.00202754
2288 0.000329856
2289 0.00231905
2290 4.10814e-07
2291 2.68477e-05
2292 9.87643e-05
2293 4.00549e-07
2294 0.000102422
2295 0.000384121
2296 0.000612278
2297 0.000224911
2298 0.000364655
2299 0.00157331
2300 0.000123367
2301 1.04084e-05
2302 0.00170406
2303 0.000330504
2304 0.000636442
2305 3.0645e-05
2306 2.93215e-05
2307 0.000478584
2308 0.00108116
2309 0.000144841
2310 5.64732e-06
2311 2.21582e-05
2312 9.70098e-06
2313 4.17836e-05
2314 8.12457e-05
2315 0.000285136
2316 8.15706e-05
2317 0.000806399
2318 1.09099e-05
2319 0.0017434
2320 1.25374e-05
2321 0.000810123
2322 0.00414492
2323 1.92116e-05
2324 0.000852116
2325 0.00532646
2326 0.00193694
2327 0.000640724
2328 0.000860536
2329 0.000270774
2330 0.000585976
2331 8.29539e-05
2332 0.000356205
2333 0.000258184
2334 0.000607993
2335 0.000116978
2336 0.000189116
2337 0.00184897
2338 0.000361815
2339 0.000817761
2340 0.0014569
2341 0.000142163
2342 1.60527e-05
2343 5.17806e-08
2344 0.000778161
2345 3.79243e-05
2346 0.000328025
2347 5.35997e-05
2348 0.000194149
2349 0.00133549
2350 0.000187181
2351 0.00190919
2352 0.000151584
2353 1.34272e-07
2354 0.000252158
2355 0.000197256
2356 2.39661e-06
2357 3.05434e-08
2358 0.000463034
2359 0.000298478
2360 0.000450119
2361 3.00759e-05
2362 5.97658e-05
2363 4.42717e-05
2364 0.00241478
2365 0.000180318
2366 0.000386314
2367 1.36517e-06
2368 0.00170466
2369 0.000672099
2370 3.817e-05
2371 1.20529e-05
2372 3.16348e-05
2373 0.00163133
2374 0.000304884
2375 9.04033e-05
2376 0.000150314
2377 0.00210604
2378 0.000793138
2379 0.000117475
2380 0.000748503
2381 0.000115423
2382 0.00058282
2383 0.000311556
2384 0.000771188
2385 0.000396461
2386 0.00604294
2387 0.000316425
2388 2.13493e-05
2389 0.00115477
2390 0.000234067
2391 0.00134578
2392 1.70358e-05
2393 0.000595217
2394 0.000103613
2395 0.00039482
2396 0.00019283
2397 7.08293e-05
2398 0.00422379
2399 0.000210727
2400 0.000682513
2401 5.91608e-08
2402 3.20141e-05
2403 0.000108147
2404 1.81733e-05
2405 0.000327261
2406 8.50657e-05
2407 4.30793e-06
2408 0.000187624
2409 2.36039e-05
2410 1.20392e-06
2411 0.00027358
2412 9.12944e-06
2413 0.0017336
2414 0.000181186
2415 0.000125407
2416 0.000215857
2417 0.000987818
2418 0.000728098
2419 0.000839156
2420 0.000601405
2421 0.000453506
2422 0.000473962
2423 0.00252555
2424 0.00153934
2425 0.00221744
2426 0.000294199
2427 0.000448965
2428 0.00113267
2429 0.000561187
2430 0.00127998
2431 0.00185106
2432 2.57219e-05
2433 0.0038735
2434 9.15218e-05
2435 0.000113657
2436 0.00101599
2437 0.000328504
2438 0.00085891
2439 2.01106e-05
2440 0.00072961
2441 0.000108786
2442 0.00364947
2443 0.000259659
2444 5.38648e-05
2445 0.0035777
2446 1.57786e-05
2447 0.00182656
2448 0.00047835
2449 0.0013027
2450 0.000157561
2451 0.000526594
2452 2.94167e-06
2453 2.23739e-05
2454 0.000329294
2455 0.000112355
2456 0.000188172
2457 5.22973e-06
2458 7.46168e-06
2459 3.23637e-05
2460 0.000109798
2461 0.000168682
2462 0.000887202
2463 0.00010635
2464 0.00012078
2465 3.53116e-05
2466 3.64413e-05
2467 9.10187e-05
2468 0.00208863
2469 2.01922e-05
2470 0.00307595
2471 0.0014333
2472 1.00856e-05
2473 0.00256192
2474 2.65066e-05
2475 0.000323228
2476 0.000209701
2477 4.241e-05
2478 3.17134e-05
2479 0.000194626
2480 0.000356664
2481 0.001755
2482 0.00742529
2483 0.000449844
2484 0.000562259
2485 0.000988674
2486 0.000990759
2487 0.00199624
2488 1.16426e-06
2489 0.000238096
2490 0.000355104
2491 0.000157132
2492 2.13223e-05
2493 0.00287789
2494 0.0012899
2495 0.000269205
2496 7.76463e-07
2497 0.00588124
2498 0.00143358
2499 0.000285643
