0 -4.5037
1 -4.49864
2 -4.47744
3 -4.45228
4 -4.45201
5 -4.43626
6 -4.40245
7 -4.39532
8 -4.37217
9 -4.33554
10 -4.32456
11 -4.32181
12 -4.31424
13 -4.31286
14 -4.29102
15 -4.28784
16 -4.27642
17 -4.26344
18 -4.25863
19 -4.24837
20 -4.24699
21 -4.23369
22 -4.22187
23 -4.22068
24 -4.20504
25 -4.20488
26 -4.18473
27 -4.18071
28 -4.17864
29 -4.17635
30 -4.17125
31 -4.16185
32 -4.15909
33 -4.14629
34 -4.14255
35 -4.13859
36 -4.12801
37 -4.12626
38 -4.12222
39 -4.11048
40 -4.1005
41 -4.09873
42 -4.09664
43 -4.08689
44 -4.08236
45 -4.07038
46 -4.06495
47 -4.06098
48 -4.05615
49 -4.05106
50 -4.04456
51 -4.03782
52 -4.02846
53 -4.02263
54 -4.01705
55 -4.01409
56 -4.0052
57 -3.99925
58 -3.99044
59 -3.98522
60 -3.98068
61 -3.97658
62 -3.97467
63 -3.971
64 -3.96186
65 -3.95698
66 -3.95141
67 -3.94682
68 -3.94175
69 -3.93916
70 -3.93276
71 -3.92925
72 -3.92129
73 -3.90873
74 -3.90634
75 -3.89914
76 -3.89441
77 -3.89278
78 -3.88646
79 -3.88253
80 -3.87743
81 -3.87672
82 -3.8626
83 -3.86
84 -3.85529
85 -3.85003
86 -3.84546
87 -3.8399
88 -3.83715
89 -3.82919
90 -3.82649
91 -3.82416
92 -3.82232
93 -3.81349
94 -3.8052
95 -3.80137
96 -3.79637
97 -3.78702
98 -3.78507
99 -3.78283
100 -3.77616
101 -3.76951
102 -3.76777
103 -3.76182
104 -3.76113
105 -3.75555
106 -3.75135
107 -3.74768
108 -3.74158
109 -3.73727
110 -3.73387
111 -3.72778
112 -3.72444
113 -3.71774
114 -3.71466
115 -3.71051
116 -3.70691
117 -3.70075
118 -3.69687
119 -3.68741
120 -3.68024
121 -3.67635
122 -3.67314
123 -3.666
124 -3.66201
125 -3.65963
126 -3.65819
127 -3.6445
128 -3.6424
129 -3.63888
130 -3.63583
131 -3.63008
132 -3.62433
133 -3.62055
134 -3.61517
135 -3.60871
136 -3.60604
137 -3.60146
138 -3.59304
139 -3.58963
140 -3.58603
141 -3.58396
142 -3.57759
143 -3.57199
144 -3.56917
145 -3.56481
146 -3.55777
147 -3.55546
148 -3.55036
149 -3.54157
150 -3.539
151 -3.53483
152 -3.52887
153 -3.52552
154 -3.51726
155 -3.50883
156 -3.5084
157 -3.50488
158 -3.49876
159 -3.49366
160 -3.4909
161 -3.48751
162 -3.4763
163 -3.4755
164 -3.46729
165 -3.46542
166 -3.46201
167 -3.46019
168 -3.45568
169 -3.45037
170 -3.44482
171 -3.43898
172 -3.43537
173 -3.4305
174 -3.42777
175 -3.42316
176 -3.41759
177 -3.41027
178 -3.40465
179 -3.40106
180 -3.39976
181 -3.39604
182 -3.39125
183 -3.38716
184 -3.38086
185 -3.36895
186 -3.3651
187 -3.36194
188 -3.35433
189 -3.35198
190 -3.3481
191 -3.33915
192 -3.33784
193 -3.33191
194 -3.32846
195 -3.32116
196 -3.31717
197 -3.31422
198 -3.30733
199 -3.30473
200 -3.30228
201 -3.30052
202 -3.29337
203 -3.29169
204 -3.28303
205 -3.27641
206 -3.27294
207 -3.26727
208 -3.26645
209 -3.2581
210 -3.25391
211 -3.24789
212 -3.24295
213 -3.24184
214 -3.24006
215 -3.23564
216 -3.22807
217 -3.22633
218 -3.22039
219 -3.21526
220 -3.21142
221 -3.21085
222 -3.20219
223 -3.20086
224 -3.19561
225 -3.19405
226 -3.18487
227 -3.17989
228 -3.17701
229 -3.17312
230 -3.16961
231 -3.16093
232 -3.15962
233 -3.15372
234 -3.14964
235 -3.14674
236 -3.14577
237 -3.14362
238 -3.13746
239 -3.1341
240 -3.12845
241 -3.1223
242 -3.1203
243 -3.1169
244 -3.10556
245 -3.10159
246 -3.09868
247 -3.09616
248 -3.09045
249 -3.08815
250 -3.08379
251 -3.08245
252 -3.07813
253 -3.07288
254 -3.06957
255 -3.06701
256 -3.05943
257 -3.05414
258 -3.04857
259 -3.04327
260 -3.04111
261 -3.03803
262 -3.03164
263 -3.02562
264 -3.02105
265 -3.01641
266 -3.01563
267 -3.01515
268 -3.00363
269 -2.9986
270 -2.99656
271 -2.9922
272 -2.98928
273 -2.97847
274 -2.97773
275 -2.97176
276 -2.96898
277 -2.96313
278 -2.95898
279 -2.95451
280 -2.95212
281 -2.94418
282 -2.9397
283 -2.93671
284 -2.93387
285 -2.93004
286 -2.92447
287 -2.91518
288 -2.91066
289 -2.90641
290 -2.90131
291 -2.89877
292 -2.89385
293 -2.89109
294 -2.88695
295 -2.88068
296 -2.87882
297 -2.87106
298 -2.86794
299 -2.86329
300 -2.86149
301 -2.85834
302 -2.85133
303 -2.85036
304 -2.84217
305 -2.83673
306 -2.83207
307 -2.82842
308 -2.82764
309 -2.82202
310 -2.8203
311 -2.81275
312 -2.80614
313 -2.80461
314 -2.80103
315 -2.79763
316 -2.79557
317 -2.79343
318 -2.78856
319 -2.78356
320 -2.77856
321 -2.77621
322 -2.77165
323 -2.76413
324 -2.76286
325 -2.75455
326 -2.75339
327 -2.75102
328 -2.74664
329 -2.7429
330 -2.73965
331 -2.73542
332 -2.72806
333 -2.72547
334 -2.72427
335 -2.71459
336 -2.71151
337 -2.70883
338 -2.70209
339 -2.69895
340 -2.69643
341 -2.69149
342 -2.68723
343 -2.68308
344 -2.67767
345 -2.67306
346 -2.67057
347 -2.66654
348 -2.66163
349 -2.66085
350 -2.65848
351 -2.64919
352 -2.64638
353 -2.64436
354 -2.64117
355 -2.63735
356 -2.62734
357 -2.62434
358 -2.61742
359 -2.61615
360 -2.61409
361 -2.60875
362 -2.60598
363 -2.60231
364 -2.59932
365 -2.59604
366 -2.58923
367 -2.58268
368 -2.57753
369 -2.57295
370 -2.56843
371 -2.56572
372 -2.56153
373 -2.55684
374 -2.55119
375 -2.54888
376 -2.54629
377 -2.54155
378 -2.53468
379 -2.53059
380 -2.52853
381 -2.52463
382 -2.51286
383 -2.51048
384 -2.50662
385 -2.50405
386 -2.4994
387 -2.4971
388 -2.49533
389 -2.49041
390 -2.48917
391 -2.48205
392 -2.4768
393 -2.47489
394 -2.47212
395 -2.46931
396 -2.46271
397 -2.46069
398 -2.4581
399 -2.45418
400 -2.45117
401 -2.44996
402 -2.44669
403 -2.44419
404 -2.43483
405 -2.43288
406 -2.4285
407 -2.42365
408 -2.4222
409 -2.41856
410 -2.41764
411 -2.41246
412 -2.40687
413 -2.40302
414 -2.39604
415 -2.39224
416 -2.39061
417 -2.38085
418 -2.37829
419 -2.37309
420 -2.36717
421 -2.36458
422 -2.3629
423 -2.3612
424 -2.35447
425 -2.35334
426 -2.34946
427 -2.34681
428 -2.34456
429 -2.34256
430 -2.33513
431 -2.3332
432 -2.32809
433 -2.32175
434 -2.32065
435 -2.31788
436 -2.31728
437 -2.30914
438 -2.30583
439 -2.29856
440 -2.29645
441 -2.29528
442 -2.2921
443 -2.28514
444 -2.28358
445 -2.27923
446 -2.27361
447 -2.26835
448 -2.26636
449 -2.2647
450 -2.25535
451 -2.25489
452 -2.25288
453 -2.24969
454 -2.24532
455 -2.24113
456 -2.24029
457 -2.23616
458 -2.23137
459 -2.22743
460 -2.22088
461 -2.2198
462 -2.21477
463 -2.2091
464 -2.20577
465 -2.19844
466 -2.19698
467 -2.19484
468 -2.18889
469 -2.18802
470 -2.18194
471 -2.17798
472 -2.17527
473 -2.17252
474 -2.1671
475 -2.16388
476 -2.15526
477 -2.15114
478 -2.14634
479 -2.14344
480 -2.14045
481 -2.13787
482 -2.13659
483 -2.13168
484 -2.12327
485 -2.12242
486 -2.11839
487 -2.11772
488 -2.11528
489 -2.11254
490 -2.10689
491 -2.10036
492 -2.09917
493 -2.09746
494 -2.09555
495 -2.08965
496 -2.08848
497 -2.0841
498 -2.08121
499 -2.07916
500 -2.07365
501 -2.07038
502 -2.06509
503 -2.06337
504 -2.05737
505 -2.05238
506 -2.05009
507 -2.04552
508 -2.04239
509 -2.03928
510 -2.03487
511 -2.03262
512 -2.02788
513 -2.02579
514 -2.02046
515 -2.01827
516 -2.01694
517 -2.01134
518 -2.00702
519 -1.99992
520 -1.9966
521 -1.99512
522 -1.9931
523 -1.98738
524 -1.98655
525 -1.98086
526 -1.97627
527 -1.97111
528 -1.96665
529 -1.96483
530 -1.9617
531 -1.96006
532 -1.95622
533 -1.9539
534 -1.94898
535 -1.94528
536 -1.94286
537 -1.93693
538 -1.93464
539 -1.9312
540 -1.92367
541 -1.9217
542 -1.9204
543 -1.91614
544 -1.91111
545 -1.90609
546 -1.90343
547 -1.90168
548 -1.89963
549 -1.8991
550 -1.89189
551 -1.88755
552 -1.88403
553 -1.88119
554 -1.87985
555 -1.87619
556 -1.87335
557 -1.87155
558 -1.86774
559 -1.86439
560 -1.86197
561 -1.8581
562 -1.85484
563 -1.85098
564 -1.84806
565 -1.84234
566 -1.84068
567 -1.83913
568 -1.83613
569 -1.83359
570 -1.83228
571 -1.82281
572 -1.82201
573 -1.81802
574 -1.81577
575 -1.81191
576 -1.80854
577 -1.80437
578 -1.80068
579 -1.79641
580 -1.79613
581 -1.79391
582 -1.79204
583 -1.78847
584 -1.7845
585 -1.77961
586 -1.77696
587 -1.77445
588 -1.77294
589 -1.77058
590 -1.76687
591 -1.76239
592 -1.75968
593 -1.75383
594 -1.75091
595 -1.74693
596 -1.74475
597 -1.7396
598 -1.73772
599 -1.73496
600 -1.73162
601 -1.72687
602 -1.72363
603 -1.72255
604 -1.71673
605 -1.71357
606 -1.71047
607 -1.70687
608 -1.70489
609 -1.70362
610 -1.70321
611 -1.70016
612 -1.69162
613 -1.68985
614 -1.6865
615 -1.6849
616 -1.67984
617 -1.67524
618 -1.67468
619 -1.66813
620 -1.66589
621 -1.65804
622 -1.65312
623 -1.64966
624 -1.6461
625 -1.64395
626 -1.63976
627 -1.63585
628 -1.63259
629 -1.62667
630 -1.62374
631 -1.62138
632 -1.61833
633 -1.61606
634 -1.61404
635 -1.60784
636 -1.60724
637 -1.60534
638 -1.59971
639 -1.59731
640 -1.59536
641 -1.59108
642 -1.58838
643 -1.58688
644 -1.58499
645 -1.58238
646 -1.57809
647 -1.57221
648 -1.57097
649 -1.56412
650 -1.56311
651 -1.5616
652 -1.55928
653 -1.55662
654 -1.55594
655 -1.5487
656 -1.54684
657 -1.5447
658 -1.53915
659 -1.53661
660 -1.53637
661 -1.52734
662 -1.52538
663 -1.52044
664 -1.51809
665 -1.51492
666 -1.51095
667 -1.50883
668 -1.5057
669 -1.5025
670 -1.4996
671 -1.49369
672 -1.49085
673 -1.48894
674 -1.48864
675 -1.48339
676 -1.47861
677 -1.47689
678 -1.47348
679 -1.47104
680 -1.46928
681 -1.46667
682 -1.46457
683 -1.46189
684 -1.45933
685 -1.45567
686 -1.44968
687 -1.44814
688 -1.44527
689 -1.44282
690 -1.44088
691 -1.43672
692 -1.43342
693 -1.43125
694 -1.4249
695 -1.4217
696 -1.41996
697 -1.4156
698 -1.41169
699 -1.40892
700 -1.40285
701 -1.40179
702 -1.39798
703 -1.39457
704 -1.39096
705 -1.38832
706 -1.38496
707 -1.38228
708 -1.38179
709 -1.37314
710 -1.37122
711 -1.36981
712 -1.36757
713 -1.36496
714 -1.36252
715 -1.35774
716 -1.35536
717 -1.35263
718 -1.34932
719 -1.34565
720 -1.34235
721 -1.34117
722 -1.33968
723 -1.33768
724 -1.33385
725 -1.33111
726 -1.32988
727 -1.3273
728 -1.32084
729 -1.31909
730 -1.31408
731 -1.31306
732 -1.30956
733 -1.30662
734 -1.3009
735 -1.29778
736 -1.29624
737 -1.29366
738 -1.29073
739 -1.2829
740 -1.28196
741 -1.28149
742 -1.27384
743 -1.27241
744 -1.2709
745 -1.26683
746 -1.26228
747 -1.25881
748 -1.25327
749 -1.24942
750 -1.24908
751 -1.24619
752 -1.24328
753 -1.24155
754 -1.23732
755 -1.23352
756 -1.22946
757 -1.2264
758 -1.22369
759 -1.21905
760 -1.21635
761 -1.21451
762 -1.21239
763 -1.20849
764 -1.20428
765 -1.20285
766 -1.19961
767 -1.19702
768 -1.19483
769 -1.19082
770 -1.18659
771 -1.18619
772 -1.18577
773 -1.18135
774 -1.17814
775 -1.17645
776 -1.17225
777 -1.16892
778 -1.16535
779 -1.16387
780 -1.15773
781 -1.15671
782 -1.15335
783 -1.15173
784 -1.14957
785 -1.14672
786 -1.14259
787 -1.14086
788 -1.1372
789 -1.13535
790 -1.13061
791 -1.12885
792 -1.12488
793 -1.12107
794 -1.11995
795 -1.11848
796 -1.1143
797 -1.11143
798 -1.10997
799 -1.10776
800 -1.10719
801 -1.10142
802 -1.09829
803 -1.09606
804 -1.09258
805 -1.08782
806 -1.08541
807 -1.08477
808 -1.08253
809 -1.08041
810 -1.07949
811 -1.07724
812 -1.0731
813 -1.07052
814 -1.0689
815 -1.06264
816 -1.06094
817 -1.0583
818 -1.05412
819 -1.05326
820 -1.05038
821 -1.04702
822 -1.0406
823 -1.04022
824 -1.03834
825 -1.03573
826 -1.03299
827 -1.02849
828 -1.02573
829 -1.02264
830 -1.02066
831 -1.01719
832 -1.01664
833 -1.01453
834 -1.01174
835 -1.00794
836 -1.00535
837 -1.0023
838 -1.00038
839 -0.996388
840 -0.994761
841 -0.992411
842 -0.987685
843 -0.985593
844 -0.984154
845 -0.982222
846 -0.976702
847 -0.974952
848 -0.97278
849 -0.967604
850 -0.966411
851 -0.963725
852 -0.961238
853 -0.958502
854 -0.956347
855 -0.953814
856 -0.95044
857 -0.948276
858 -0.94222
859 -0.93835
860 -0.936979
861 -0.934471
862 -0.933174
863 -0.929447
864 -0.926525
865 -0.924308
866 -0.922495
867 -0.921306
868 -0.920049
869 -0.918163
870 -0.916725
871 -0.913337
872 -0.909161
873 -0.906769
874 -0.905
875 -0.902811
876 -0.899457
877 -0.894212
878 -0.891668
879 -0.890933
880 -0.887988
881 -0.883782
882 -0.882867
883 -0.879042
884 -0.878682
885 -0.876429
886 -0.871535
887 -0.86836
888 -0.867651
889 -0.867385
890 -0.864589
891 -0.858337
892 -0.856187
893 -0.854317
894 -0.852
895 -0.849413
896 -0.84738
897 -0.846091
898 -0.845371
899 -0.842153
900 -0.839662
901 -0.834658
902 -0.830738
903 -0.825924
904 -0.824115
905 -0.821363
906 -0.819055
907 -0.817335
908 -0.816523
909 -0.812694
910 -0.809936
911 -0.807883
912 -0.806428
913 -0.80317
914 -0.802191
915 -0.796787
916 -0.79557
917 -0.792001
918 -0.791178
919 -0.78899
920 -0.787324
921 -0.784661
922 -0.782291
923 -0.779029
924 -0.774915
925 -0.772827
926 -0.771183
927 -0.768727
928 -0.767255
929 -0.765705
930 -0.764058
931 -0.76102
932 -0.759549
933 -0.755157
934 -0.753955
935 -0.751557
936 -0.74915
937 -0.748275
938 -0.74495
939 -0.742387
940 -0.738446
941 -0.734163
942 -0.731992
943 -0.731864
944 -0.729106
945 -0.72881
946 -0.724221
947 -0.719054
948 -0.71711
949 -0.716374
950 -0.713428
951 -0.711966
952 -0.710741
953 -0.706931
954 -0.706591
955 -0.703235
956 -0.70016
957 -0.698858
958 -0.694727
959 -0.690758
960 -0.687477
961 -0.686159
962 -0.684452
963 -0.681329
964 -0.679883
965 -0.678059
966 -0.674617
967 -0.674085
968 -0.672294
969 -0.668879
970 -0.667064
971 -0.665256
972 -0.663768
973 -0.661208
974 -0.65896
975 -0.655815
976 -0.654545
977 -0.651592
978 -0.649972
979 -0.64714
980 -0.644513
981 -0.640399
982 -0.63648
983 -0.635564
984 -0.6338
985 -0.630675
986 -0.626485
987 -0.624158
988 -0.620796
989 -0.617741
990 -0.616227
991 -0.615397
992 -0.613264
993 -0.60905
994 -0.6075
995 -0.604552
996 -0.600954
997 -0.596877
998 -0.595361
999 -0.593946
1000 -0.592343
1001 -0.58609
1002 -0.585797
1003 -0.581933
1004 -0.579553
1005 -0.578321
1006 -0.575398
1007 -0.57148
1008 -0.568478
1009 -0.567738
1010 -0.564402
1011 -0.562579
1012 -0.561599
1013 -0.558868
1014 -0.556045
1015 -0.554994
1016 -0.552816
1017 -0.550789
1018 -0.548221
1019 -0.544645
1020 -0.542121
1021 -0.541014
1022 -0.538279
1023 -0.535518
1024 -0.530849
1025 -0.530459
1026 -0.529319
1027 -0.524219
1028 -0.522178
1029 -0.518815
1030 -0.516104
1031 -0.509531
1032 -0.506156
1033 -0.504666
1034 -0.502873
1035 -0.50208
1036 -0.500933
1037 -0.497813
1038 -0.495651
1039 -0.49406
1040 -0.49161
1041 -0.489377
1042 -0.486591
1043 -0.484004
1044 -0.482486
1045 -0.480641
1046 -0.479517
1047 -0.475829
1048 -0.472169
1049 -0.470971
1050 -0.467549
1051 -0.465901
1052 -0.463994
1053 -0.461364
1054 -0.460346
1055 -0.457114
1056 -0.456438
1057 -0.454394
1058 -0.451402
1059 -0.450643
1060 -0.446197
1061 -0.445418
1062 -0.443497
1063 -0.44084
1064 -0.434695
1065 -0.434578
1066 -0.43354
1067 -0.429938
1068 -0.426128
1069 -0.424237
1070 -0.42276
1071 -0.421645
1072 -0.41878
1073 -0.416518
1074 -0.415433
1075 -0.413757
1076 -0.409913
1077 -0.407223
1078 -0.405057
1079 -0.401447
1080 -0.401222
1081 -0.39999
1082 -0.395738
1083 -0.393014
1084 -0.390426
1085 -0.389681
1086 -0.385192
1087 -0.384393
1088 -0.382189
1089 -0.381344
1090 -0.378807
1091 -0.376644
1092 -0.374192
1093 -0.370789
1094 -0.368619
1095 -0.367836
1096 -0.364086
1097 -0.361156
1098 -0.358998
1099 -0.357666
1100 -0.356122
1101 -0.354187
1102 -0.347324
1103 -0.346957
1104 -0.34563
1105 -0.34377
1106 -0.339359
1107 -0.337217
1108 -0.333673
1109 -0.330871
1110 -0.329551
1111 -0.328355
1112 -0.326142
1113 -0.324453
1114 -0.323008
1115 -0.317701
1116 -0.316135
1117 -0.314008
1118 -0.31289
1119 -0.311785
1120 -0.309193
1121 -0.306728
1122 -0.305521
1123 -0.302844
1124 -0.30132
1125 -0.300083
1126 -0.296921
1127 -0.293217
1128 -0.291954
1129 -0.288136
1130 -0.287163
1131 -0.285171
1132 -0.284979
1133 -0.279484
1134 -0.277503
1135 -0.277333
1136 -0.274182
1137 -0.272186
1138 -0.269708
1139 -0.268567
1140 -0.267473
1141 -0.264464
1142 -0.262306
1143 -0.258294
1144 -0.255441
1145 -0.254252
1146 -0.252519
1147 -0.249066
1148 -0.246599
1149 -0.245998
1150 -0.242383
1151 -0.240933
1152 -0.240106
1153 -0.23609
1154 -0.235239
1155 -0.233376
1156 -0.229774
1157 -0.228188
1158 -0.225783
1159 -0.22063
1160 -0.219465
1161 -0.217768
1162 -0.215833
1163 -0.214227
1164 -0.213778
1165 -0.212221
1166 -0.206857
1167 -0.205675
1168 -0.203902
1169 -0.201536
1170 -0.199351
1171 -0.196113
1172 -0.19425
1173 -0.193918
1174 -0.191063
1175 -0.188998
1176 -0.187407
1177 -0.182808
1178 -0.181961
1179 -0.180858
1180 -0.176965
1181 -0.176332
1182 -0.171954
1183 -0.170514
1184 -0.16856
1185 -0.166612
1186 -0.16496
1187 -0.160484
1188 -0.158669
1189 -0.158093
1190 -0.156425
1191 -0.154581
1192 -0.150997
1193 -0.148668
1194 -0.146704
1195 -0.143623
1196 -0.138704
1197 -0.136872
1198 -0.13525
1199 -0.133327
1200 -0.131342
1201 -0.128996
1202 -0.128578
1203 -0.126658
1204 -0.124581
1205 -0.122908
1206 -0.120653
1207 -0.118555
1208 -0.115455
1209 -0.114098
1210 -0.111842
1211 -0.110401
1212 -0.106997
1213 -0.104582
1214 -0.102773
1215 -0.0980123
1216 -0.0955694
1217 -0.0947612
1218 -0.092854
1219 -0.0911957
1220 -0.0879848
1221 -0.0865703
1222 -0.081819
1223 -0.081263
1224 -0.0795086
1225 -0.0782131
1226 -0.0765204
1227 -0.0745683
1228 -0.0725166
1229 -0.0707047
1230 -0.069886
1231 -0.0672476
1232 -0.062406
1233 -0.0616905
1234 -0.0571069
1235 -0.0553193
1236 -0.0533008
1237 -0.0522824
1238 -0.0479327
1239 -0.0473402
1240 -0.0453227
1241 -0.0448147
1242 -0.042283
1243 -0.0402132
1244 -0.0374628
1245 -0.0360164
1246 -0.03239
1247 -0.0291634
1248 -0.028283
1249 -0.0255856
1250 -0.0196964
1251 -0.0183092
1252 -0.0171312
1253 -0.0153358
1254 -0.013624
1255 -0.0113969
1256 -0.00827503
1257 -0.0052133
1258 -0.00233987
1259 -0.00117895
1260 0.00174915
1261 0.00388523
1262 0.00444428
1263 0.00632236
1264 0.0131874
1265 0.0139165
1266 0.0155876
1267 0.0169951
1268 0.0207009
1269 0.0222427
1270 0.0243424
1271 0.024862
1272 0.0282549
1273 0.02944
1274 0.0314534
1275 0.0356075
1276 0.0373995
1277 0.0406218
1278 0.0436331
1279 0.0440553
1280 0.0470943
1281 0.0476703
1282 0.0537048
1283 0.0559803
1284 0.0567377
1285 0.0571679
1286 0.0593061
1287 0.06011
1288 0.0628187
1289 0.0639413
1290 0.0673804
1291 0.0704015
1292 0.0723301
1293 0.0749864
1294 0.0755877
1295 0.0759572
1296 0.0802716
1297 0.0817002
1298 0.0844077
1299 0.0896523
1300 0.0908884
1301 0.0915914
1302 0.0949499
1303 0.0979237
1304 0.0985334
1305 0.102039
1306 0.106106
1307 0.107338
1308 0.109624
1309 0.110862
1310 0.11274
1311 0.115307
1312 0.118349
1313 0.119966
1314 0.122797
1315 0.1264
1316 0.127673
1317 0.129461
1318 0.130489
1319 0.133205
1320 0.133637
1321 0.13732
1322 0.138177
1323 0.141017
1324 0.144136
1325 0.145569
1326 0.149508
1327 0.150905
1328 0.151722
1329 0.154402
1330 0.156001
1331 0.15871
1332 0.1628
1333 0.1634
1334 0.166273
1335 0.166892
1336 0.169766
1337 0.172319
1338 0.174623
1339 0.175535
1340 0.181188
1341 0.181242
1342 0.185824
1343 0.188506
1344 0.191224
1345 0.192926
1346 0.194316
1347 0.197722
1348 0.20026
1349 0.202208
1350 0.204853
1351 0.206486
1352 0.210938
1353 0.211154
1354 0.212195
1355 0.212837
1356 0.215437
1357 0.218676
1358 0.220449
1359 0.224023
1360 0.226355
1361 0.228021
1362 0.231297
1363 0.232763
1364 0.234535
1365 0.234709
1366 0.239569
1367 0.241378
1368 0.243655
1369 0.244783
1370 0.245312
1371 0.247786
1372 0.250157
1373 0.253731
1374 0.258294
1375 0.260351
1376 0.26216
1377 0.262864
1378 0.263947
1379 0.26734
1380 0.269337
1381 0.270745
1382 0.273829
1383 0.276182
1384 0.27867
1385 0.281227
1386 0.283643
1387 0.286218
1388 0.288658
1389 0.290755
1390 0.293623
1391 0.295565
1392 0.296429
1393 0.298571
1394 0.299432
1395 0.303407
1396 0.306397
1397 0.307553
1398 0.307937
1399 0.310466
1400 0.313544
1401 0.315473
1402 0.317497
1403 0.319547
1404 0.322054
1405 0.322711
1406 0.32716
1407 0.329271
1408 0.3319
1409 0.332533
1410 0.335818
1411 0.338222
1412 0.340123
1413 0.3412
1414 0.344437
1415 0.34717
1416 0.349956
1417 0.354198
1418 0.356056
1419 0.35726
1420 0.357793
1421 0.36041
1422 0.363926
1423 0.366596
1424 0.36711
1425 0.36902
1426 0.372551
1427 0.373537
1428 0.376167
1429 0.380904
1430 0.383549
1431 0.384396
1432 0.388354
1433 0.389757
1434 0.391644
1435 0.395963
1436 0.396683
1437 0.399692
1438 0.400356
1439 0.403738
1440 0.407183
1441 0.410695
1442 0.413063
1443 0.416378
1444 0.417181
1445 0.418045
1446 0.419724
1447 0.422566
1448 0.425884
1449 0.427957
1450 0.429223
1451 0.434311
1452 0.43617
1453 0.440214
1454 0.442875
1455 0.445818
1456 0.448778
1457 0.452333
1458 0.454131
1459 0.456025
1460 0.460287
1461 0.463922
1462 0.464574
1463 0.46914
1464 0.470726
1465 0.47375
1466 0.475883
1467 0.478833
1468 0.480096
1469 0.481253
1470 0.484328
1471 0.486598
1472 0.487527
1473 0.4914
1474 0.494246
1475 0.495244
1476 0.498325
1477 0.501131
1478 0.501786
1479 0.503983
1480 0.510487
1481 0.510958
1482 0.512304
1483 0.514851
1484 0.517733
1485 0.52048
1486 0.522197
1487 0.522783
1488 0.524836
1489 0.526883
1490 0.52884
1491 0.530761
1492 0.532141
1493 0.539664
1494 0.539769
1495 0.542774
1496 0.545942
1497 0.546916
1498 0.547706
1499 0.549047
1500 0.550893
1501 0.555055
1502 0.556375
1503 0.559837
1504 0.563179
1505 0.566122
1506 0.566245
1507 0.569401
1508 0.570963
1509 0.574741
1510 0.576113
1511 0.580782
1512 0.58207
1513 0.584845
1514 0.58641
1515 0.589515
1516 0.593651
1517 0.595455
1518 0.59659
1519 0.599935
1520 0.601484
1521 0.606229
1522 0.607203
1523 0.609223
1524 0.609858
1525 0.615919
1526 0.616693
1527 0.617565
1528 0.622154
1529 0.62691
1530 0.628064
1531 0.630581
1532 0.63325
1533 0.63581
1534 0.63744
1535 0.641368
1536 0.642029
1537 0.644678
1538 0.647709
1539 0.648479
1540 0.652871
1541 0.65484
1542 0.658564
1543 0.660371
1544 0.662019
1545 0.667704
1546 0.667801
1547 0.669125
1548 0.670853
1549 0.674381
1550 0.676942
1551 0.677569
1552 0.683442
1553 0.684464
1554 0.686835
1555 0.688942
1556 0.690637
1557 0.693634
1558 0.695388
1559 0.697491
1560 0.702518
1561 0.704494
1562 0.706484
1563 0.708488
1564 0.711532
1565 0.715515
1566 0.718731
1567 0.720833
1568 0.721627
1569 0.724711
1570 0.726831
1571 0.729312
1572 0.731828
1573 0.733219
1574 0.7364
1575 0.738007
1576 0.740246
1577 0.743664
1578 0.748612
1579 0.750747
1580 0.752805
1581 0.756625
1582 0.758275
1583 0.761272
1584 0.762701
1585 0.765812
1586 0.767413
1587 0.769741
1588 0.772375
1589 0.776314
1590 0.779599
1591 0.780604
1592 0.781677
1593 0.787416
1594 0.788028
1595 0.789711
1596 0.792127
1597 0.792762
1598 0.796755
1599 0.799524
1600 0.80301
1601 0.80647
1602 0.80765
1603 0.809688
1604 0.81432
1605 0.816599
1606 0.819192
1607 0.820522
1608 0.824598
1609 0.82592
1610 0.828873
1611 0.832273
1612 0.833987
1613 0.834482
1614 0.837394
1615 0.839381
1616 0.842961
1617 0.845547
1618 0.847364
1619 0.848632
1620 0.850331
1621 0.854801
1622 0.85624
1623 0.859279
1624 0.863627
1625 0.864108
1626 0.865997
1627 0.869924
1628 0.875063
1629 0.877822
1630 0.878723
1631 0.880326
1632 0.885509
1633 0.886946
1634 0.89049
1635 0.893445
1636 0.896081
1637 0.900721
1638 0.902324
1639 0.904424
1640 0.905971
1641 0.909521
1642 0.910812
1643 0.918113
1644 0.919393
1645 0.920039
1646 0.925528
1647 0.925923
1648 0.930281
1649 0.931703
1650 0.935856
1651 0.936949
1652 0.939885
1653 0.940893
1654 0.943204
1655 0.945175
1656 0.946189
1657 0.947284
1658 0.949981
1659 0.954298
1660 0.957114
1661 0.959682
1662 0.960901
1663 0.964282
1664 0.967135
1665 0.969934
1666 0.972238
1667 0.977731
1668 0.983923
1669 0.985338
1670 0.987664
1671 0.988372
1672 0.991492
1673 0.994638
1674 0.998304
1675 1.0026
1676 1.00817
1677 1.01012
1678 1.01425
1679 1.01474
1680 1.01727
1681 1.01808
1682 1.01965
1683 1.02437
1684 1.02473
1685 1.02663
1686 1.03207
1687 1.03642
1688 1.03762
1689 1.03973
1690 1.04049
1691 1.04507
1692 1.04956
1693 1.05152
1694 1.05376
1695 1.0571
1696 1.05951
1697 1.062
1698 1.06259
1699 1.06486
1700 1.07081
1701 1.07263
1702 1.08046
1703 1.08575
1704 1.08626
1705 1.08831
1706 1.09057
1707 1.09263
1708 1.09478
1709 1.09849
1710 1.10043
1711 1.10237
1712 1.10387
1713 1.10489
1714 1.10578
1715 1.10996
1716 1.11649
1717 1.11965
1718 1.12112
1719 1.12382
1720 1.12797
1721 1.12978
1722 1.135
1723 1.13777
1724 1.14166
1725 1.14457
1726 1.14696
1727 1.14927
1728 1.15305
1729 1.1556
1730 1.15689
1731 1.15927
1732 1.1636
1733 1.16807
1734 1.17106
1735 1.17339
1736 1.17433
1737 1.17925
1738 1.1828
1739 1.18646
1740 1.1911
1741 1.19287
1742 1.1959
1743 1.19848
1744 1.19914
1745 1.20163
1746 1.20578
1747 1.20902
1748 1.21105
1749 1.21617
1750 1.21688
1751 1.22106
1752 1.22314
1753 1.2259
1754 1.22743
1755 1.22835
1756 1.23232
1757 1.2346
1758 1.2388
1759 1.24248
1760 1.24546
1761 1.24648
1762 1.25008
1763 1.25488
1764 1.25609
1765 1.25719
1766 1.26139
1767 1.26282
1768 1.2671
1769 1.26775
1770 1.26941
1771 1.27248
1772 1.27277
1773 1.27625
1774 1.28077
1775 1.28116
1776 1.2866
1777 1.28991
1778 1.29281
1779 1.29818
1780 1.30146
1781 1.30576
1782 1.30688
1783 1.31097
1784 1.31331
1785 1.31922
1786 1.3215
1787 1.32321
1788 1.32731
1789 1.33216
1790 1.33567
1791 1.33911
1792 1.34131
1793 1.34205
1794 1.34519
1795 1.34724
1796 1.34865
1797 1.35606
1798 1.3582
1799 1.35949
1800 1.36369
1801 1.36646
1802 1.37039
1803 1.37441
1804 1.37515
1805 1.38175
1806 1.38462
1807 1.38524
1808 1.3904
1809 1.39366
1810 1.39459
1811 1.39892
1812 1.40109
1813 1.40474
1814 1.40726
1815 1.41014
1816 1.4159
1817 1.41918
1818 1.42238
1819 1.42455
1820 1.42912
1821 1.43
1822 1.43162
1823 1.43673
1824 1.43913
1825 1.44437
1826 1.4453
1827 1.44888
1828 1.45159
1829 1.45695
1830 1.45894
1831 1.46176
1832 1.46541
1833 1.46675
1834 1.47114
1835 1.47706
1836 1.47809
1837 1.48069
1838 1.48285
1839 1.4847
1840 1.48712
1841 1.48878
1842 1.49247
1843 1.49725
1844 1.49868
1845 1.5034
1846 1.50636
1847 1.51084
1848 1.51481
1849 1.52046
1850 1.52264
1851 1.52383
1852 1.5265
1853 1.53567
1854 1.53881
1855 1.5399
1856 1.54103
1857 1.5443
1858 1.54738
1859 1.5527
1860 1.55456
1861 1.55891
1862 1.56366
1863 1.56774
1864 1.56825
1865 1.57132
1866 1.57231
1867 1.58058
1868 1.58206
1869 1.58509
1870 1.58994
1871 1.59332
1872 1.59877
1873 1.60002
1874 1.60495
1875 1.60716
1876 1.60905
1877 1.61304
1878 1.61749
1879 1.62143
1880 1.62378
1881 1.62713
1882 1.63237
1883 1.63408
1884 1.63666
1885 1.63969
1886 1.64374
1887 1.64587
1888 1.64811
1889 1.65142
1890 1.65318
1891 1.66128
1892 1.66284
1893 1.66563
1894 1.67084
1895 1.67126
1896 1.67629
1897 1.68209
1898 1.68288
1899 1.68548
1900 1.68927
1901 1.69164
1902 1.69547
1903 1.6968
1904 1.69966
1905 1.70206
1906 1.70621
1907 1.71258
1908 1.71449
1909 1.71741
1910 1.71947
1911 1.72413
1912 1.72638
1913 1.73133
1914 1.73303
1915 1.73746
1916 1.74149
1917 1.74255
1918 1.74421
1919 1.74853
1920 1.75222
1921 1.75578
1922 1.7585
1923 1.76073
1924 1.76241
1925 1.76602
1926 1.7683
1927 1.77508
1928 1.77736
1929 1.77901
1930 1.7865
1931 1.78863
1932 1.79227
1933 1.79468
1934 1.79571
1935 1.79875
1936 1.80228
1937 1.80877
1938 1.81353
1939 1.81571
1940 1.82098
1941 1.82605
1942 1.82885
1943 1.83181
1944 1.83662
1945 1.83837
1946 1.84636
1947 1.8486
1948 1.85143
1949 1.85618
1950 1.86037
1951 1.86285
1952 1.86807
1953 1.86946
1954 1.87438
1955 1.87685
1956 1.87949
1957 1.88263
1958 1.88476
1959 1.88582
1960 1.89077
1961 1.89345
1962 1.89759
1963 1.8991
1964 1.90008
1965 1.90782
1966 1.90888
1967 1.91446
1968 1.9164
1969 1.9226
1970 1.92674
1971 1.92938
1972 1.93457
1973 1.93895
1974 1.9406
1975 1.94384
1976 1.9463
1977 1.94873
1978 1.95481
1979 1.95777
1980 1.96488
1981 1.9673
1982 1.96905
1983 1.97483
1984 1.97985
1985 1.98427
1986 1.99051
1987 1.99586
1988 1.99938
1989 2.00299
1990 2.00809
1991 2.01112
1992 2.01515
1993 2.01854
1994 2.02437
1995 2.02836
1996 2.02942
1997 2.03195
1998 2.0337
1999 2.03885
2000 2.04388
2001 2.04605
2002 2.05374
2003 2.05813
2004 2.06327
2005 2.06874
2006 2.07505
2007 2.07785
2008 2.07906
2009 2.08112
2010 2.08429
2011 2.08915
2012 2.09178
2013 2.09615
2014 2.10259
2015 2.10494
2016 2.10627
2017 2.10857
2018 2.11183
2019 2.11558
2020 2.11978
2021 2.12116
2022 2.12555
2023 2.12896
2024 2.13059
2025 2.13652
2026 2.14138
2027 2.14604
2028 2.15088
2029 2.15136
2030 2.15554
2031 2.15891
2032 2.16111
2033 2.16833
2034 2.17087
2035 2.17513
2036 2.17846
2037 2.17934
2038 2.1845
2039 2.18736
2040 2.19189
2041 2.19819
2042 2.19992
2043 2.20151
2044 2.2051
2045 2.21471
2046 2.21589
2047 2.2217
2048 2.22545
2049 2.22918
2050 2.23398
2051 2.24134
2052 2.2431
2053 2.24731
2054 2.25097
2055 2.25771
2056 2.25846
2057 2.26747
2058 2.26891
2059 2.27391
2060 2.27644
2061 2.28311
2062 2.28749
2063 2.29026
2064 2.29347
2065 2.29792
2066 2.30002
2067 2.30345
2068 2.30531
2069 2.30997
2070 2.31143
2071 2.31622
2072 2.31867
2073 2.32184
2074 2.32378
2075 2.32546
2076 2.32963
2077 2.3333
2078 2.33648
2079 2.34156
2080 2.34365
2081 2.34911
2082 2.35742
2083 2.36598
2084 2.36793
2085 2.36955
2086 2.37315
2087 2.37553
2088 2.38037
2089 2.38164
2090 2.38815
2091 2.39423
2092 2.3951
2093 2.39985
2094 2.40609
2095 2.40893
2096 2.41378
2097 2.41695
2098 2.42048
2099 2.42512
2100 2.42818
2101 2.43104
2102 2.43874
2103 2.44049
2104 2.44235
2105 2.44447
2106 2.4474
2107 2.45453
2108 2.45504
2109 2.45598
2110 2.46383
2111 2.46716
2112 2.47165
2113 2.47532
2114 2.48097
2115 2.48415
2116 2.48802
2117 2.49146
2118 2.49269
2119 2.50136
2120 2.50399
2121 2.50462
2122 2.50928
2123 2.51422
2124 2.5162
2125 2.51783
2126 2.52342
2127 2.52738
2128 2.5297
2129 2.53576
2130 2.53787
2131 2.54225
2132 2.54685
2133 2.54969
2134 2.55438
2135 2.55746
2136 2.56214
2137 2.56949
2138 2.57359
2139 2.57714
2140 2.58009
2141 2.58348
2142 2.58714
2143 2.591
2144 2.59826
2145 2.60081
2146 2.60566
2147 2.60722
2148 2.60989
2149 2.61337
2150 2.6205
2151 2.62403
2152 2.62632
2153 2.63214
2154 2.63786
2155 2.64021
2156 2.64135
2157 2.6508
2158 2.65352
2159 2.65446
2160 2.66262
2161 2.66426
2162 2.66961
2163 2.67292
2164 2.67838
2165 2.68338
2166 2.68574
2167 2.68761
2168 2.69356
2169 2.70273
2170 2.70593
2171 2.71185
2172 2.71269
2173 2.71698
2174 2.72003
2175 2.72182
2176 2.72652
2177 2.73179
2178 2.73666
2179 2.74225
2180 2.74541
2181 2.74973
2182 2.75056
2183 2.75427
2184 2.76016
2185 2.76284
2186 2.76451
2187 2.77221
2188 2.77807
2189 2.7804
2190 2.78373
2191 2.78991
2192 2.7955
2193 2.79822
2194 2.80162
2195 2.80632
2196 2.80969
2197 2.81631
2198 2.81803
2199 2.82017
2200 2.82252
2201 2.83025
2202 2.83768
2203 2.83909
2204 2.84151
2205 2.84571
2206 2.84856
2207 2.85066
2208 2.85207
2209 2.86019
2210 2.86333
2211 2.86738
2212 2.87209
2213 2.87638
2214 2.88478
2215 2.89132
2216 2.89958
2217 2.90264
2218 2.9091
2219 2.91091
2220 2.91624
2221 2.91808
2222 2.92051
2223 2.92695
2224 2.93171
2225 2.93241
2226 2.93797
2227 2.94212
2228 2.9455
2229 2.94665
2230 2.95163
2231 2.95885
2232 2.96157
2233 2.96703
2234 2.96996
2235 2.97508
2236 2.97678
2237 2.98173
2238 2.98572
2239 2.98962
2240 2.99513
2241 2.99797
2242 3.00095
2243 3.0106
2244 3.01363
2245 3.01649
2246 3.0197
2247 3.0224
2248 3.02666
2249 3.03335
2250 3.03727
2251 3.04276
2252 3.04451
2253 3.04883
2254 3.06009
2255 3.06114
2256 3.07128
2257 3.07268
2258 3.07684
2259 3.08216
2260 3.08596
2261 3.09396
2262 3.09721
2263 3.10049
2264 3.10508
2265 3.1112
2266 3.11935
2267 3.12251
2268 3.12955
2269 3.13157
2270 3.135
2271 3.13818
2272 3.14315
2273 3.1447
2274 3.15047
2275 3.15267
2276 3.15822
2277 3.16167
2278 3.1648
2279 3.17069
2280 3.17535
2281 3.17796
2282 3.184
2283 3.18657
2284 3.19284
2285 3.19363
2286 3.20205
2287 3.20937
2288 3.2106
2289 3.21523
2290 3.22173
2291 3.22388
2292 3.2245
2293 3.22863
2294 3.23045
2295 3.23441
2296 3.24061
2297 3.24363
2298 3.25742
2299 3.26418
2300 3.26458
2301 3.266
2302 3.27927
2303 3.28157
2304 3.28923
2305 3.29655
2306 3.29945
2307 3.30777
2308 3.31229
2309 3.31444
2310 3.31985
2311 3.3215
2312 3.32806
2313 3.33426
2314 3.34277
2315 3.34641
2316 3.34828
2317 3.35233
2318 3.35366
2319 3.3594
2320 3.3613
2321 3.36601
2322 3.37283
2323 3.37984
2324 3.38217
2325 3.387
2326 3.39077
2327 3.39397
2328 3.40147
2329 3.40762
2330 3.41145
2331 3.41814
2332 3.42109
2333 3.42252
2334 3.42579
2335 3.42848
2336 3.43614
2337 3.4398
2338 3.44621
2339 3.45022
2340 3.45404
2341 3.46062
2342 3.4684
2343 3.47356
2344 3.47756
2345 3.48072
2346 3.4945
2347 3.49644
2348 3.49787
2349 3.50159
2350 3.50717
2351 3.51533
2352 3.51787
2353 3.52023
2354 3.52631
2355 3.53161
2356 3.53709
2357 3.54368
2358 3.55306
2359 3.55806
2360 3.56509
2361 3.57234
2362 3.57804
2363 3.5793
2364 3.58703
2365 3.59035
2366 3.59471
2367 3.59907
2368 3.60721
2369 3.60804
2370 3.61566
2371 3.62046
2372 3.62578
2373 3.63066
2374 3.63942
2375 3.64567
2376 3.65002
2377 3.65605
2378 3.6579
2379 3.66297
2380 3.66714
2381 3.67256
2382 3.67996
2383 3.68337
2384 3.69092
2385 3.69782
2386 3.7016
2387 3.70339
2388 3.70831
2389 3.71133
2390 3.71809
2391 3.71933
2392 3.72748
2393 3.7312
2394 3.73735
2395 3.74175
2396 3.74509
2397 3.74836
2398 3.75451
2399 3.7585
2400 3.76474
2401 3.76782
2402 3.77123
2403 3.77583
2404 3.77836
2405 3.78408
2406 3.78813
2407 3.79049
2408 3.80065
2409 3.80648
2410 3.8083
2411 3.81658
2412 3.82192
2413 3.82402
2414 3.82856
2415 3.832
2416 3.84109
2417 3.84641
2418 3.85014
2419 3.8546
2420 3.85947
2421 3.86539
2422 3.87093
2423 3.88328
2424 3.8885
2425 3.89258
2426 3.89495
2427 3.90356
2428 3.90674
2429 3.91346
2430 3.91678
2431 3.92062
2432 3.92752
2433 3.93069
2434 3.93413
2435 3.93657
2436 3.94679
2437 3.94715
2438 3.95441
2439 3.95813
2440 3.96998
2441 3.97609
2442 3.97941
2443 3.98189
2444 3.98998
2445 3.99336
2446 4.00754
2447 4.01396
2448 4.01589
2449 4.02055
2450 4.02458
2451 4.02802
2452 4.03397
2453 4.03771
2454 4.04059
2455 4.0526
2456 4.05625
2457 4.06636
2458 4.06835
2459 4.08249
2460 4.08816
2461 4.09486
2462 4.09806
2463 4.10904
2464 4.11597
2465 4.12363
2466 4.12884
2467 4.13398
2468 4.13827
2469 4.14369
2470 4.14516
2471 4.15259
2472 4.15421
2473 4.16371
2474 4.1727
2475 4.18094
2476 4.19501
2477 4.19673
2478 4.20065
2479 4.20774
2480 4.20967
2481 4.21542
2482 4.2247
2483 4.2374
2484 4.25154
2485 4.25418
2486 4.26802
2487 4.26818
2488 4.27176
2489 4.28412
2490 4.29858
2491 4.30095
2492 4.31028
2493 4.32014
2494 4.33028
2495 4.35069
2496 4.35642
2497 4.35884
2498 4.40095
2499 4.44359
